	XieH_2016__YSZC12003_37172__bin.63	FengQ_2015__SID31877__bin.4	KarlssonFH_2013__S552__bin.21	XieH_2016__YSZC12003_35519__bin.81	FengQ_2015__SID530373__bin.42	KarlssonFH_2013__S312__bin.88	LeChatelierE_2013__MH0441__bin.21	XieH_2016__YSZC12003_37191R1__bin.4	LiSS_2016__FAT_023-22-84-0__bin.45	XieH_2016__YSZC12003_35705__bin.70	XieH_2016__YSZC12003_35703__bin.62	RaymondF_2016__P1E0__bin.56	LiSS_2016__FAT_015-22-42-0__bin.65	FengQ_2015__SID531663__bin.6	NielsenHB_2014__V1_UC31_4__bin.2	ZellerG_2014__CCMD63399960ST-21-0__bin.3	ZeeviD_2015__PNP_Main_295__bin.23	RaymondF_2016__P1E7__bin.49	LiSS_2016__FAT_023-22-42-0__bin.3	NielsenHB_2014__V1_UC17_2__bin.49	LeChatelierE_2013__MH0203__bin.20	KarlssonFH_2013__S487__bin.70	XieH_2016__YSZC12003_37255__bin.59	LiJ_2014__O2.UC8-0__bin.56	LeChatelierE_2013__MH0131__bin.16	NielsenHB_2014__O2_UC19_2__bin.13	FengQ_2015__SID31285__bin.2
XieH_2016__YSZC12003_37172__bin.63	1.0	0.49350087413146926	0.8756091930381841	0.6103746198477555	0.6266440904488175	0.8579213123792121	0.5869341561590958	0.8060460795512977	0.8186227340749973	0.5747936072548858	0.6090769709349686	0.7902797092686099	0.8427728295104394	0.7859736996734329	0.5808261171792757	0.8191202870616168	0.8589095908672143	0.5595627678454461	0.797306471730584	0.8792170922679156	0.8496617621141991	0.8311571435337953	0.6467838917433941	0.5274484108814753	0.6020220450963935	0.6280479921005996	0.8822732453469622
FengQ_2015__SID31877__bin.4	0.8761891774153835	1.0	0.8655847870144137	0.6395795215637252	0.6710737352501089	0.8634195124722995	0.6111551792715495	0.8236922552417751	0.83453605318484	0.5953633729189158	0.6493368941417126	0.8132681781161808	0.861081500842851	0.8112415478152167	0.6209307347008353	0.8259598083224425	0.8612239331780215	0.6057207795897493	0.8204587381858818	0.8803659298823796	0.8479913631456333	0.8422811902191413	0.6766376877474098	0.5869803208515635	0.6424539273064758	0.6566213989431218	0.8716684660113264
KarlssonFH_2013__S552__bin.21	0.9057811686818307	0.5043274784619276	1.0	0.627829789525679	0.6413673128051604	0.8853737981740146	0.6009728053281375	0.8312126695114829	0.8340602814417012	0.5933075160445783	0.6195818234869054	0.8101877499274964	0.8640164879864854	0.8033580720815289	0.5966521689038659	0.8344580024693133	0.8708236533214562	0.5704573173827043	0.8164550564203253	0.8994308748935622	0.8506149226165541	0.851419634529248	0.664523416763522	0.5548053837566495	0.6111383075977076	0.6336574399213917	0.9072444818966305
XieH_2016__YSZC12003_35519__bin.81	0.8791474495766504	0.5188595865826195	0.8741665765225344	1.0	0.6382081641082122	0.8639061255396356	0.5904534905447001	0.8137323112627718	0.8286995151884669	0.6080899851508029	0.6280638761321283	0.8018080864203602	0.8527679985052463	0.7922790321470367	0.5892506809979446	0.828326441404675	0.8488080077491174	0.5815556500703124	0.8070858204918919	0.8690867497959465	0.8408917139513615	0.8345304064353077	0.6731474151579817	0.5605215411696447	0.6232219069909233	0.6319132354531956	0.8719213730098635
FengQ_2015__SID530373__bin.42	0.890832833378122	0.5373231477948487	0.8813920208968136	0.6299011028941188	1.0	0.8959381394144064	0.6122290763436157	0.8390985398072529	0.8394631178642642	0.6034064086877555	0.6422876575465535	0.8163333396017304	0.857611340379416	0.8157437058722544	0.6019505229359635	0.8296959443269288	0.8691534812958112	0.5839072455187533	0.8181258989336243	0.8938343845030667	0.8566759337838895	0.837449142574285	0.6809857074482508	0.5684851690738322	0.6276917962657744	0.6551309963536129	0.87875504782888
KarlssonFH_2013__S312__bin.88	0.8971434818597822	0.5085414421590218	0.8950105197867929	0.6272140079383672	0.6590482437645442	1.0	0.6031360789642193	0.8319132178945701	0.8377012202060227	0.5981204945080689	0.6250100958717367	0.8080851756904796	0.8564302336218187	0.8022074818776314	0.5886261359250161	0.8299034143011091	0.8743386367338014	0.5757301936845581	0.8159990004529198	0.9058944273019145	0.8411318085778096	0.8531384216526885	0.6669152147575986	0.5451989388736801	0.605070024073913	0.6428743225725844	0.8877749591145084
LeChatelierE_2013__MH0441__bin.21	0.9024979971274116	0.529295743411845	0.8933028271178123	0.630343536118305	0.6622097147030205	0.8868654207410333	1.0	0.8325172023954422	0.8517027861745691	0.5978947036896817	0.6187980664815911	0.8198392321567181	0.8586644497825219	0.8115331341724511	0.6818224467393366	0.839724919146937	0.8805513690068836	0.5908549592175116	0.8295271645951179	0.9011719347191485	0.872715068491353	0.851556466571876	0.6843164414022799	0.6094578891527308	0.6795462911261426	0.7129891782546762	0.8914610373206846
XieH_2016__YSZC12003_37191R1__bin.4	0.8923991698410216	0.5136346478462024	0.8896075642166142	0.6254831216283059	0.6534870503797651	0.8807707080303661	0.5994260885915501	1.0	0.8330743614007255	0.5926854168959935	0.6244173131516325	0.8134934376716998	0.8587430546467786	0.8056156201413236	0.5956877275649914	0.8342875689220453	0.8657355330436061	0.5747107648073443	0.8165911797734495	0.8880584569493217	0.8500767467141115	0.8464470452396959	0.6808295731616575	0.5533327065724383	0.6007706324411124	0.6360779003950955	0.8830374407746386
LiSS_2016__FAT_023-22-84-0__bin.45	0.7971389845044601	0.4577047221257295	0.7851176002273721	0.5602502754891907	0.5750115929840425	0.7800544994905735	0.5393633748132242	0.7327144037217218	1.0	0.5301637810247367	0.5634834299276831	0.7313963770055032	0.7694974046674433	0.7192881492278823	0.5318316748579339	0.7447341259222447	0.7942569437403704	0.5194570993107368	0.7797470153260081	0.7968485366246881	0.7652358403542218	0.7737286360833499	0.594637393066149	0.4947627967429948	0.5579636736545907	0.5804698524242218	0.7935522232767174
XieH_2016__YSZC12003_35705__bin.70	0.8928981700045673	0.5209093566611847	0.8909572758011989	0.6558319959856369	0.6593631242033087	0.8885139233307017	0.6040290789436179	0.8316009129096642	0.8457651982025517	1.0	0.654629543087785	0.8277509424406877	0.8886610812928424	0.8050647528177104	0.5956888020082423	0.8435889838344989	0.8759571067684045	0.6009990832456683	0.8365863860324556	0.8918521553007027	0.850101717969777	0.8651151444766381	0.6854591361562472	0.5566952564094916	0.6307541580410225	0.6414005725903049	0.8923380417252481
XieH_2016__YSZC12003_35703__bin.62	0.9053987621876688	0.5436605727530319	0.8903349273798582	0.6481958983590772	0.6716175353998215	0.8884649515918581	0.5982184484402385	0.8383847418094997	0.8601983772822046	0.6264311055375514	1.0	0.8404380361194578	0.8818451865567263	0.8161378656776347	0.5976348739066699	0.849427621216994	0.8831664754191428	0.608909280167156	0.8546499789722872	0.9036518445078342	0.859826031356982	0.8633985224146539	0.6874349425401096	0.5763762685610004	0.6356718814125801	0.654874020847566	0.8964459676585531
RaymondF_2016__P1E0__bin.56	0.8791623824022831	0.5095796626325749	0.8712864565976722	0.6192891111801024	0.6388229832151778	0.8596683860689489	0.5931439427384924	0.8174158076775917	0.8355853610602381	0.592786010844292	0.62896466538115	1.0	0.8463048041675805	0.797417193832938	0.5878732294476361	0.8237294604532728	0.8677750212907764	0.6215686721296378	0.8179897329562232	0.8817884821883785	0.8358250899814198	0.8369748393816228	0.6564328526412431	0.5503046218786581	0.6030108053657504	0.6336771188476302	0.8727903402061954
LiSS_2016__FAT_015-22-42-0__bin.65	0.8590429927745137	0.49435470822292704	0.8513603678682466	0.6034899116343726	0.614921420878924	0.8347989895106052	0.5692079976199216	0.7906209603476864	0.8054921003321321	0.5831100560049132	0.6046847353119764	0.7754305627806553	1.0	0.7720587851509558	0.5721735265001192	0.7985349817579522	0.8399788785446726	0.5552802768406896	0.783397213846906	0.8566181139967047	0.812455743243831	0.8209678289266509	0.6373655768993216	0.5344650304208112	0.5980594880395844	0.6147378695167293	0.8538378763020402
FengQ_2015__SID531663__bin.6	0.841732431356653	0.4893349925122165	0.8316914439106291	0.5890863441748152	0.6145320123880889	0.8215581444554986	0.5652172919586643	0.7792819862254031	0.7910769018444579	0.5550177289326401	0.5879790570556764	0.7676502160877896	0.8111703014901077	1.0	0.5627298946043631	0.7970671286532364	0.8216033864797638	0.5464637874154967	0.7739288036774911	0.8441188338891096	0.8032474633619576	0.805276042611589	0.632326294618804	0.5309581118264022	0.5911057836215647	0.619138930030696	0.8299087253585202
NielsenHB_2014__V1_UC31_4__bin.2	0.8909937591397117	0.5364901150376323	0.884783009987733	0.627571720144481	0.6495521950363756	0.863482654021735	0.680209913895242	0.8253685013949311	0.8378233837847604	0.5882446123976713	0.6167323656748755	0.8106323731372007	0.8610966737667853	0.8060508982937459	1.0	0.8421914623146037	0.8763486188807298	0.566707949470895	0.8252709674969921	0.9005527357276487	0.8774686222322302	0.8613362536771589	0.6667031055054939	0.6191118000306348	0.6713349837727159	0.6967206354235262	0.8883898004417173
ZellerG_2014__CCMD63399960ST-21-0__bin.3	0.8988617095849306	0.5104981290718033	0.8851904244813213	0.6310757169862299	0.6404554098177958	0.8708799660605993	0.5992739178421135	0.8269165483142448	0.8392593830877082	0.5959174384743003	0.6270524370297218	0.8125339780321048	0.8596759367869296	0.8167216168415848	0.602459014474349	1.0	0.8785355298419019	0.5746177486021303	0.8161920160931198	0.8960011163290754	0.8518897287891622	0.8584715750494832	0.6692444315829349	0.5534220121925237	0.6150757806694322	0.6504756807429958	0.8834007391934053
ZeeviD_2015__PNP_Main_295__bin.23	0.8370861257649512	0.47274704572344683	0.8204269795160456	0.5743371462197945	0.5958595421625118	0.814869217509196	0.5581109265085369	0.7620941833554095	0.7949383776275543	0.5495605234210761	0.5790253122706185	0.7602239906178457	0.8031315435432189	0.7476853401758738	0.5567639053217527	0.7802554724035324	1.0	0.5331180483788128	0.7560390340872465	0.8404543025453668	0.7958774248148834	0.7926814205479994	0.6179625004938523	0.5134700039300248	0.570664964349061	0.6049048372574666	0.8298586230773549
RaymondF_2016__P1E7__bin.49	0.8809530527597174	0.5371139962996851	0.8681887133680255	0.6356674607429383	0.6466548697298393	0.8667792615762481	0.6049618346252188	0.8172482502777924	0.8398532235331422	0.6090988242027998	0.6448947345084587	0.879639669417046	0.8576534307185247	0.803339822992203	0.5816138424558052	0.8243996393738218	0.8612012452620789	1.0	0.8209478932793737	0.8740556068368489	0.836322875980335	0.8302074137970417	0.672654485456043	0.5563666509463749	0.6128018262410633	0.6410090008746931	0.8684916984767441
LiSS_2016__FAT_023-22-42-0__bin.3	0.885829761814458	0.5134187969354472	0.8768883220814685	0.6225574603656223	0.6393959076082834	0.8669621861488281	0.5993751422286279	0.8194649359022983	0.8896689865736176	0.598336873245847	0.638771523932337	0.816929473564439	0.8538913752560116	0.8028971971478419	0.5977134377607525	0.8263653948266707	0.8618794090874611	0.579344136387772	1.0	0.8845288439657134	0.8436897898809073	0.8449665288629296	0.6678307289691269	0.5558830501403322	0.6084706629750436	0.6477139118561784	0.8824731661988925
NielsenHB_2014__V1_UC17_2__bin.49	0.8567789484714589	0.4831988962268623	0.8472810271943021	0.5879908118703848	0.612709275702936	0.8441814472634792	0.5711148591050889	0.7816546783530893	0.7974403307992791	0.5594683559252541	0.5923877743319519	0.7724116594770052	0.8189465253850357	0.7680866352134568	0.5720754211711206	0.7956755578952797	0.8403574954196575	0.5410130894254175	0.775817704447943	1.0	0.801528333254326	0.8147329429542565	0.6335576308131678	0.5250997778648243	0.5804759730576894	0.621825051292351	0.845872618658523
LeChatelierE_2013__MH0203__bin.20	0.8849692351727043	0.49746619069037307	0.8564502136026582	0.6080746782626628	0.6276584775277203	0.8377833146368043	0.5911500232002886	0.7997255076952069	0.8185159637542156	0.5699844264728627	0.6024554972239654	0.7825448494470153	0.8301898868074803	0.7812057216712031	0.595778969693845	0.8085749511549477	0.8505612514289067	0.5532891075977834	0.7909333982822897	0.8566991055888695	1.0	0.8216275580318333	0.6447978019282018	0.5402231672216365	0.6159645542255637	0.641839098442114	0.8630782960854624
KarlssonFH_2013__S487__bin.70	0.8591409080523551	0.4903750896504756	0.8507695605649059	0.598905315865201	0.6089258792362883	0.8433081709185766	0.5724503757600993	0.7902814032493831	0.8213337697131803	0.5756588262381911	0.6003780978484768	0.77768799252626	0.8325359991319452	0.7772486721143574	0.5803973997171765	0.8086525831246267	0.8407313538037826	0.5450845956443763	0.7861325600823593	0.8642191167895382	0.8154064728305027	1.0	0.6377970816068541	0.537872418882309	0.5970606994369112	0.6276874191160838	0.8527134210621498
XieH_2016__YSZC12003_37255__bin.59	0.841043687475273	0.49557065942657447	0.835327299553265	0.6077210633524712	0.6229053921707348	0.8293073915193041	0.5787079809143002	0.79964731739825	0.7940746437522854	0.5737872928835908	0.6013443665945876	0.7672932942030989	0.813099306564746	0.767776040999075	0.5651494545238646	0.7930470034463682	0.8245154359675216	0.555581080098791	0.7816292093994686	0.8454205917587909	0.8050091361218342	0.8023440408792206	1.0	0.5373881844669837	0.588621491554428	0.6103889330019582	0.8386216302747717
LiJ_2014__O2.UC8-0__bin.56	0.858464921297248	0.538091520771637	0.8729115851117618	0.6333876909229308	0.6508582850411988	0.8485610981159122	0.6451035109261534	0.8134476694762225	0.8269692356415399	0.5832705952294964	0.63107494679994	0.8051141509381545	0.853409526561137	0.8069317039020786	0.6568755868675027	0.8208310877259266	0.8575016251715458	0.5751746017635194	0.8143310960601398	0.8770245192548103	0.8441773020485495	0.8469164800728967	0.6726223879187248	1.0	0.6663675610203299	0.687279490612898	0.8566939010228858
LeChatelierE_2013__MH0131__bin.16	0.8088580975248422	0.4861742723934935	0.7937550022588997	0.5813496295175128	0.5932409592411931	0.7774118054456682	0.5937752979568998	0.7290702047686864	0.7698668510479231	0.5455443489667541	0.5745465574138924	0.7282772965671604	0.7883152965350542	0.7415818719284124	0.5879910240268958	0.753083914111358	0.7867168669863526	0.5229691115529534	0.735825117588917	0.8003344776896386	0.794572563426923	0.7760633455107522	0.608186390186514	0.5500868013750622	1.0	0.6407007863722988	0.7918693369842658
NielsenHB_2014__O2_UC19_2__bin.13	0.8123810180904938	0.4783788930439222	0.7923343774579475	0.5674912031351336	0.5961009535111566	0.795204018269881	0.599781423781203	0.7431525203880279	0.7710745284190481	0.5340799514275069	0.5698453131683893	0.7367950433978667	0.780104044487988	0.7478060963998399	0.5874854075535747	0.7667482647752832	0.8028442506451035	0.5266560874304875	0.7540934744511446	0.8253962383915882	0.7970966896190096	0.7854690971311871	0.6071754819302047	0.5462076198098498	0.6168254012060329	1.0	0.8020935848431743
FengQ_2015__SID31285__bin.2	0.9213806404807126	0.512716566206269	0.9158984706787249	0.6321906130208441	0.6455479986203221	0.8865932383304471	0.6054544514666207	0.832943999158646	0.8510620757022498	0.5998951872591914	0.6297850893181022	0.8193277011339563	0.8747964574006618	0.8092827011740632	0.6047989262041656	0.840714491341808	0.889236729735535	0.576099753921788	0.8294925762098251	0.9065009745980619	0.865374451537922	0.8615050253965906	0.6735078667487818	0.549691577814993	0.6155021252209223	0.6475809736354958	1.0
