	Bengtsson-PalmeJ_2015__TRAVELRES28__bin.35	BackhedF_2015__SID179_M__bin.15	Bengtsson-PalmeJ_2015__TRAVELRES24__bin.72	LeChatelierE_2013__MH0136__bin.28	ZeeviD_2015__PNP_Main_701__bin.29	LiJ_2014__O2.UC48-1__bin.17	LiJ_2014__V1.CD6-0-PT__bin.34	ZeeviD_2015__PNP_Main_158__bin.67	ZeeviD_2015__PNP_Main_640__bin.22	ZeeviD_2015__PNP_Main_595__bin.26	ZeeviD_2015__PNP_Main_706__bin.63	HMP_2012__SRS024435__bin.63	ZeeviD_2015__PNP_Main_560__bin.26	Bengtsson-PalmeJ_2015__TRAVELRES14__bin.32	ZellerG_2014__CCIS55230578ST-4-0__bin.61	ZeeviD_2015__PNP_Validation_74__bin.3	LeChatelierE_2013__MH0095__bin.8	ZellerG_2014__CCMD25963797ST-21-0__bin.57	NielsenHB_2014__MH0136__bin.17	VogtmannE_2016__MMRS11932626ST-27-0-0__bin.3	HMP_2012__SRS022609__bin.76	NielsenHB_2014__MH0095__bin.20	BackhedF_2015__SID150_M__bin.37	LeChatelierE_2013__MH0422__bin.61	ZeeviD_2015__PNP_Main_765__bin.14	ZeeviD_2015__PNP_Main_553__bin.40
Bengtsson-PalmeJ_2015__TRAVELRES28__bin.35	1.0	0.9760375639857852	0.9666696601536942	0.9257632322817642	0.8422304044200974	0.9638403872716932	0.9591791003288559	0.749901856389598	0.6613322727836436	0.9552413819646682	0.8768795891225234	0.9131991395863002	0.936806633567253	0.9058009502183108	0.9492723688318131	0.9193169717885231	0.9133223001954319	0.9655894389777668	0.9005084651536728	0.6909395700497346	0.9664635371897998	0.9319922511450088	0.9514644566179583	0.9548265701908561	0.9548026222946361	0.936109578730847
BackhedF_2015__SID179_M__bin.15	0.6135389667469351	1.0	0.887181191058753	0.8145041233671451	0.7468732678175214	0.8796446683860132	0.8632264682590245	0.6368334776874736	0.5962159322884997	0.8693264387430384	0.7946402409880812	0.8098767264029367	0.8360943414789928	0.8035434237146165	0.8316873735557193	0.8083439381207296	0.8138847715252991	0.8757758699017049	0.7871332880647351	0.5976288286777107	0.8710393336806435	0.8502819072380833	0.8408921677260701	0.8335846762031797	0.8709210546830687	0.8456830047596544
Bengtsson-PalmeJ_2015__TRAVELRES24__bin.72	0.6516324611537723	0.951396019641769	1.0	0.8583610988274784	0.7896489238480755	0.9148856680467256	0.9508050599982587	0.6739344132808522	0.6343141725959618	0.9060800810854286	0.8445038158696592	0.8740823549828276	0.8873423362912064	0.8762553568329636	0.8918491963237122	0.8642862620044083	0.8547865136667345	0.9127893468137473	0.8300538436303487	0.6351599655686733	0.9496283296251816	0.8657189787986742	0.8952790684400453	0.8892553158981981	0.90705790309069	0.8843321896582638
LeChatelierE_2013__MH0136__bin.28	0.680021787696862	0.9517887523213825	0.9353374077415432	1.0	0.8146839527455766	0.9632838356398471	0.9357878627199188	0.6958348306615971	0.6485961133965435	0.9358173904521135	0.8746396988422617	0.8878034131545419	0.9270897467148828	0.8791473898741239	0.9113885321827151	0.900165480950215	0.8896812512722055	0.984312606959498	0.968002618544421	0.6723502315728104	0.9439877767753706	0.8950980195058943	0.9202933423131145	0.9220254265186678	0.9380351116148277	0.9100126655123627
ZeeviD_2015__PNP_Main_701__bin.29	0.6659534237014876	0.9394728584451665	0.9262375126124981	0.8769588257730481	1.0	0.9222731982049001	0.9287904445280017	0.696663673029948	0.6359688156830496	0.9185820982327625	0.8423038739642873	0.8649475347131114	0.8966241786660102	0.8660613569289616	0.8915250775685538	0.8736795762741666	0.8619401471029802	0.9232450030161791	0.853700432544438	0.6427538662547712	0.9286842696112511	0.8774984919104182	0.9049308442867076	0.9039265783543835	0.9256342767797486	0.8962353214868275
LiJ_2014__O2.UC48-1__bin.17	0.6475910866845613	0.9402154830842504	0.9118805321049567	0.8811038839018654	0.7836865433118241	1.0	0.9039641233134676	0.6699743647650851	0.6242061898087731	0.9160875609059508	0.8445789896809703	0.8552916561074324	0.890742525355092	0.8559542301010871	0.8790236429157162	0.8681673134377246	0.8511777209638296	0.9471118842098791	0.8534751804838916	0.6374157200708203	0.9114541401680167	0.8591251609744492	0.8902408539791505	0.8891829192676861	0.9148836645341323	0.8898627328275245
LiJ_2014__V1.CD6-0-PT__bin.34	0.6394091658318732	0.9154366173734712	0.9402557803146881	0.8492462913222728	0.7830400010946864	0.896880542918833	1.0	0.6598364698188693	0.6143436984549528	0.8883191831815122	0.8220655705739178	0.8492679569902282	0.8670680136630544	0.8645302797664897	0.86880924918768	0.8519339744470551	0.8389522482976771	0.8995967335014513	0.8221134631030824	0.6223987657411055	0.9228930280450669	0.8522943087141027	0.8751812361631925	0.8743436870519696	0.8869445535646581	0.8647788647988199
ZeeviD_2015__PNP_Main_158__bin.67	0.7207341914079648	0.9736905703308284	0.9608679497781379	0.9104455159873803	0.8468001400714495	0.958369844523979	0.9513227052202919	1.0	0.6709627939322099	0.9501759935290937	0.8776980605365131	0.8991847249782576	0.9406282829245998	0.9089428715633584	0.9419796764875604	0.921117743863243	0.9243737474538068	0.9621387858172725	0.8872630334675411	0.6756606127961516	0.9692566184581949	0.9363644882706601	0.9433935432322639	0.9466224203097025	0.9612000440600333	0.9301048398631508
ZeeviD_2015__PNP_Main_640__bin.22	0.6280743422436698	0.9007811605233297	0.8936575483889834	0.8385766746783612	0.76386078658649	0.8823150033668612	0.8752328170271388	0.6630084711688654	1.0	0.8742873341851344	0.8035223297217081	0.8304360998995222	0.8534664048989657	0.8290414314805172	0.8588874981013177	0.8398730583689447	0.8263341339612725	0.8847233853484274	0.8108620058044849	0.6413127265726978	0.8947175613690657	0.8424836957007337	0.8612918187304699	0.8623217777026879	0.8818479478392387	0.8547213627949253
ZeeviD_2015__PNP_Main_595__bin.26	0.658765497052913	0.9537289954069917	0.9269571895295691	0.8785893383461041	0.8011664483311638	0.9402838145266936	0.9189832741831883	0.6817907010899474	0.6348638052427653	1.0	0.856323245859539	0.8674008480579544	0.9066853131674298	0.8676226242374232	0.8997884278841077	0.8763774748540613	0.866703078854998	0.9428041592470934	0.8506195872013911	0.6415076533425976	0.9341153696200845	0.8719850088739963	0.9085957733942903	0.9026066368881027	0.9908464241245296	0.9524083654446759
ZeeviD_2015__PNP_Main_706__bin.63	0.6724352899123425	0.9694054837556609	0.9606994231595378	0.9130968036020556	0.8168952931261212	0.963951242387772	0.9456661539924641	0.7003013737263762	0.6488094262093481	0.9522052096006716	1.0	0.9045684846378105	0.9615415643231224	0.9156442150345809	0.9321125347202865	0.9007053916054791	0.9069604541265901	0.9679048459189931	0.8842023106412144	0.6635134470398804	0.9602527735237114	0.8981173160357714	0.9282330448584462	0.9287269173632586	0.952483299829145	0.919354489615888
HMP_2012__SRS024435__bin.63	0.6021083890628587	0.8494786829279021	0.8549425166793831	0.7968986582619833	0.7212503038126158	0.8393202041169641	0.8399912704978354	0.6168611349367873	0.5765328650530621	0.8292993221101711	0.777750145632683	1.0	0.8159242360416782	0.7927577839470772	0.8221747400463656	0.7955441192310142	0.7842905052002006	0.8410756912124704	0.7724938349300765	0.5930895952567449	0.8491019834804886	0.793814008595289	0.8264159923577382	0.825611276622021	0.8313204161513835	0.8046181773273174
ZeeviD_2015__PNP_Main_560__bin.26	0.670825800224401	0.9524440345126629	0.9425977099348845	0.9037715765388366	0.8120023860969431	0.9493278996957359	0.9313948133013881	0.7008210476288468	0.6435093998500728	0.9414530448458837	0.8978779905830014	0.8861361398145018	1.0	0.8955108795241525	0.9150804266556916	0.8991194224371506	0.8962029456293269	0.9559239633707172	0.874207492442393	0.652310888343402	0.9500677367356039	0.8915514039755217	0.919942037932572	0.9271897461526024	0.9463465034125597	0.9114149260897898
Bengtsson-PalmeJ_2015__TRAVELRES14__bin.32	0.6817335922770071	0.962089899458703	0.9783358899407849	0.90078410496102	0.8243613899275889	0.9588192013986563	0.9760745314906877	0.7117833318635255	0.6570021969873016	0.9468802844689799	0.8986656504608008	0.9049263883730257	0.9412239916420501	1.0	0.9359777430316623	0.90570206071358	0.8977998585122153	0.9547316334629553	0.873199136654155	0.6574379896632809	0.9838396231455477	0.9029752988591502	0.9317620765102598	0.9525790622539816	0.9461619024506739	0.9215341447102043
ZellerG_2014__CCIS55230578ST-4-0__bin.61	0.685457827656974	0.9553761392192816	0.955337231140544	0.8959227421425752	0.8141614290010938	0.9447017386970487	0.9410987270882367	0.7077188069918435	0.6530325759433202	0.9421338055003671	0.877703262288005	0.9004194043852494	0.9227612878203509	0.8979941341439389	1.0	0.9032806921438412	0.8880089624450578	0.9448295795271865	0.8696838749481998	0.6662823207248514	0.9527989421943291	0.8974475682759584	0.9576087218325582	0.9328261284423615	0.936850953031773	0.9152544989781998
ZeeviD_2015__PNP_Validation_74__bin.3	0.680946953835082	0.9525078666804351	0.9496880885756224	0.9077107088849934	0.8184407533007748	0.9570964204465905	0.9466180717937931	0.709892283336068	0.6550437664278524	0.9412857706686061	0.8700019575633214	0.8937233171132213	0.9300484702814646	0.8913565026895907	0.9265755375538567	1.0	0.8858271782009802	0.9568613861448864	0.8781160258550402	0.6635867248065085	0.9566725984847573	0.9007014918659759	0.9334428470699585	0.9470127520362777	0.9449063125398719	0.9180287780813725
LeChatelierE_2013__MH0095__bin.8	0.6826001245204238	0.9676751883467294	0.9477097318975558	0.905219374559736	0.8147164219938354	0.9468186565857113	0.9405900785092323	0.718818436693382	0.6502893757486886	0.9392796736388729	0.8839345641337713	0.8890170173651019	0.9353816985659695	0.8915381084912958	0.9191147799606495	0.8938060677498495	1.0	0.9474220820479646	0.8813195073900443	0.6558064998638458	0.9591409369203057	0.9558489441972076	0.9193525705029781	0.920872640152595	0.9425166932796046	0.9114345289765674
ZellerG_2014__CCMD25963797ST-21-0__bin.57	0.6409959131948505	0.9248687600708123	0.8988944391515706	0.8895551979869163	0.7751161372594217	0.9357682319315861	0.8958421101041403	0.664553239182003	0.6184134475080028	0.9075415692468763	0.8378858987621488	0.8468152103188707	0.8861888923838259	0.8420970454408674	0.8686130185013382	0.8575585455561247	0.8415190560490735	1.0	0.8610792844741147	0.6409027989902787	0.9080264444340984	0.8537249656215543	0.8814622109627214	0.8788771562467709	0.9095866751302178	0.8811306335513189
NielsenHB_2014__MH0136__bin.17	0.6835225516953048	0.9504684582685222	0.9346450078292776	1.0002733106028934	0.8195163246280769	0.9641846255320143	0.9360901132973074	0.7007235914441446	0.648068128997411	0.9362303391648251	0.8751976795215701	0.8893053106652159	0.9266586253190788	0.8806359762446994	0.9141902085989618	0.8998475692884575	0.8950682043038954	0.984567364247078	1.0	0.6851020402863723	0.9423399023093122	0.9010472794883314	0.9233379988729995	0.9247259752838924	0.9374664042192405	0.9121777077225502
VogtmannE_2016__MMRS11932626ST-27-0-0__bin.3	0.5748144669527042	0.7909400103884277	0.7838737450281412	0.7614831259205499	0.6762688468133854	0.7892501120669413	0.7767427298795369	0.5848513956781295	0.561779836488996	0.7738766623262963	0.7198248198034738	0.7483396304281313	0.7578485993411176	0.7267089319131071	0.7676372019553013	0.7453106210998925	0.7299969403946179	0.8031876818864246	0.7508926220818124	1.0	0.7867910431831281	0.7521840601674956	0.7758924441977787	0.7593257483581304	0.7727040507752186	0.7611373193587636
HMP_2012__SRS022609__bin.76	0.6545298047231817	0.9384391176891385	0.9540540806674617	0.8703369572080043	0.7954247544486541	0.9187197097347634	0.9375969129198497	0.6829863631176869	0.6380262983362691	0.9173324467207014	0.8480451755394541	0.8721569072665358	0.8985427077172948	0.8852915945762939	0.8936250196215176	0.874700319331148	0.8691286771882408	0.9263597928894516	0.8407879653919872	0.6404949893450091	1.0	0.8733732965481767	0.9020603896732026	0.8995453600251619	0.9196627010445307	0.8905267023512805
NielsenHB_2014__MH0095__bin.20	0.6619096849749923	0.9606689497911051	0.9120922174937223	0.8654343545030561	0.7881699490123806	0.9081281335761431	0.908023048299137	0.6919276284378983	0.6300232888411584	0.8980028937934084	0.8317809463992196	0.8550588538294168	0.8842458339458247	0.8520800203124373	0.8826847405244059	0.8636132813211832	0.9083085400921591	0.9133593151112628	0.8430803471094259	0.6421299631533358	0.9158880434822223	1.0	0.8895116389537151	0.8818634960474572	0.90522340643948	0.8770089207073879
BackhedF_2015__SID150_M__bin.37	0.6817804073557909	0.9585541161516803	0.9516686339472965	0.8977498231898874	0.8200765584723606	0.9494316949133845	0.9407425657016573	0.7033543054028513	0.6498467237116763	0.9440716212721258	0.8673580953291488	0.8981346992757221	0.920561085595706	0.8871050576885127	0.9502768288661967	0.9030081620696038	0.8814379411825992	0.9514651644242119	0.8716609854543805	0.668291358551297	0.9544289554291431	0.8974642304255577	1.0	0.9317261692449688	0.9440569126319028	0.921565563150934
LeChatelierE_2013__MH0422__bin.61	0.6731611781291417	0.9349075569244573	0.9300288345696461	0.8849415047762156	0.8059624004929976	0.9330178132759616	0.9246930523279302	0.6943855197639206	0.640136490865435	0.9227315538950789	0.8538312833976313	0.8827973029848785	0.9128583367602775	0.8923057163840895	0.9107629764608128	0.9013685265426374	0.8686640223923165	0.9333832199929332	0.8588999448875018	0.6434800226238615	0.9364264670235514	0.875405957214853	0.9167077698974812	1.0	0.922749643336513	0.8983590464693632
ZeeviD_2015__PNP_Main_765__bin.14	0.5805316287709387	0.8423943679550036	0.8181306669384647	0.7764410326386534	0.7117685112189521	0.8279086383955037	0.8089647612371529	0.6080725076911236	0.5645659169337846	0.8735764400965993	0.7551950186063829	0.7666048187307721	0.8035310525866929	0.7643562441107521	0.7888471946899526	0.7756271983925084	0.7667592652298809	0.8330932565642363	0.7509360393885374	0.564726083673601	0.8256517434253633	0.7749641704922943	0.8010479480976559	0.7957957270841957	1.0	0.8383673184967623
ZeeviD_2015__PNP_Main_553__bin.40	0.6631942761301831	0.9531166684440653	0.9294047572881422	0.8776848817706768	0.8030141448612174	0.9382992234383938	0.9190518144008066	0.6856070704916284	0.6375985244359992	0.9784070307425325	0.8493497144851523	0.8645591970682619	0.9017173306058344	0.8674482777007572	0.8979787342336666	0.8780563176825307	0.8639672021483902	0.9403545425460751	0.8513898853093158	0.6481708144686709	0.9315733855565359	0.8748460934394602	0.9111468341299311	0.9027540791297857	0.976868571068475	1.0
