	HeQ_2017__SZAXPI029463-136__bin.44	ZellerG_2014__CCIS88007743ST-4-0__bin.21	IjazUZ_2017__S15_a_WGS__bin.1	YuJ_2015__SZAXPI003422-11__bin.45	ZellerG_2014__CCIS24254057ST-4-0__bin.15	YuJ_2015__SZAXPI015211-166__bin.3	YuJ_2015__SZAXPI017457-24__bin.57	IjazUZ_2017__S14_a_WGS__bin.19	HeQ_2017__SZAXPI029483-78__bin.3	YuJ_2015__SZAXPI015233-19__bin.6	FengQ_2015__SID530450__bin.66	YuJ_2015__SZAXPI003415-12__bin.8	XieH_2016__YSZC12003_37190R1__bin.30	HeQ_2017__SZAXPI029564-74__bin.70	XieH_2016__YSZC12003_37400__bin.34	LiJ_2014__V1.CD54-0__bin.3	FengQ_2015__SID31367__bin.39	IjazUZ_2017__S149_a_WGS__bin.14	IjazUZ_2017__S16_a_WGS__bin.12	YuJ_2015__SZAXPI003428-6__bin.7	QinJ_2012__T2D-016__bin.41	NielsenHB_2014__V1_UC16_0__bin.1	YuJ_2015__SZAXPI017595-169__bin.30	YuJ_2015__SZAXPI003424-12__bin.59	GeversD_2014__SKBSTL008__bin.83	LoombaR_2017__SID5639_uuc__bin.9	FengQ_2015__SID31883__bin.30
HeQ_2017__SZAXPI029463-136__bin.44	1.0	0.8698630293953687	0.7248241245185231	0.9311803924691663	0.7749538647344378	0.6961002308338838	0.5770093691399906	0.9094402407226723	0.8779722942046314	0.9677961236637102	0.8850740599205573	0.8962135565777917	0.8455134635910969	0.8613764895488798	0.5912593079796106	0.923375353999717	0.8601956788401127	0.7879737208027221	0.5882600144034843	0.9099673372059647	0.8629706699453595	0.583669691551159	0.9283761818849543	0.925661062065038	0.9109903054352241	0.8947626089213371	0.7259800127305259
ZellerG_2014__CCIS88007743ST-4-0__bin.21	0.8984568271087144	1.0	0.7359305860683931	0.9413354636841755	0.7838285659336189	0.7112123027761135	0.5981495535879399	0.9095887979051549	0.9334413302857482	0.9001578530797624	0.8526545798844581	0.9540690440790301	0.8651618105023338	0.8793176959663878	0.5963319500846962	0.8545245545125713	0.9020730976632714	0.7935870522009926	0.5861902965477961	0.9213563233695048	0.9091855106554528	0.5731774034869701	0.9332596587000421	0.9008957829409198	0.9482114669092899	0.8921870862274298	0.7344224752013848
IjazUZ_2017__S15_a_WGS__bin.1	0.8899597127909602	0.8748391712385767	1.0	0.9416109818697007	0.799360624335669	0.7320657904825952	0.6099287886472657	0.9695777756986598	0.887197221610602	0.8851652746346752	0.8477801937753554	0.9128327458261902	0.8601452787569562	0.8916874129027402	0.6074462749280184	0.8525190585159929	0.8806645314281735	0.7987869519247747	0.6429513563782453	0.9224198634863666	0.8862373491340044	0.5772505650550142	0.9362143811337399	0.9072775146442984	0.914725759262998	0.8983530572061486	0.7834423580574066
YuJ_2015__SZAXPI003422-11__bin.45	0.8598935299498601	0.8416062248261873	0.7081816445506581	1.0	0.7499377020055457	0.7091128077798687	0.5757572711415055	0.8830480146912162	0.849268216806544	0.8620452577073597	0.8056429549830195	0.874881289915026	0.8152701775400255	0.9070826074051814	0.5582326204467574	0.8240712572661154	0.8398219361952142	0.7668197971651372	0.5739571104100345	0.9516186632622775	0.8417964254971538	0.5414521067303526	0.9675362637816125	0.8623753973977162	0.8776562621520769	0.8743932228247153	0.7026356681016809
ZellerG_2014__CCIS24254057ST-4-0__bin.15	0.9158156442774936	0.8968234515883757	0.7693735531829468	0.9597244048372692	1.0	0.7484649097565319	0.6088094443342322	0.9467229403317244	0.905557334748864	0.899956261184374	0.8434299356308173	0.9155207796613154	0.8918957255802332	0.9041144954903656	0.613993441885942	0.8742810347547546	0.8950735604276112	0.8222636665179366	0.6270626135364187	0.9388279486969421	0.9014390476583822	0.582632169424943	0.9569101573581755	0.9223002960833447	0.9248064760529985	0.9311800881411614	0.7619132414186273
YuJ_2015__SZAXPI015211-166__bin.3	0.8987124171451861	0.8890002537145513	0.7697706879066921	0.9914103200427837	0.8176890820637127	1.0	0.6277149491128496	0.9291315343516927	0.8963065670645967	0.8927083325628202	0.841711337933728	0.9165245840523761	0.8673572189926423	0.9284791255058572	0.6025077057473373	0.8647779110046282	0.8990693188097163	0.8184132410887387	0.6137813601910774	0.9697214243815986	0.9005379784054152	0.5797015044607161	0.983967163567478	0.9133483441611997	0.9214494571766082	0.9213662417625986	0.7555819050486237
YuJ_2015__SZAXPI017457-24__bin.57	0.8430175472666259	0.8460912277059813	0.725763586094442	0.9109243725615427	0.752667079057706	0.710341612125301	1.0	0.8865655387855447	0.8600148661668309	0.8483069227285777	0.8072010506763855	0.882093132852136	0.8204366266859413	0.8592008263445887	0.5714806484528221	0.8182004237192371	0.8603840091607731	0.7856074411191813	0.5826989124093152	0.889952697799121	0.8624674488703472	0.5697357990857642	0.8955312771259414	0.8683708070671212	0.880606516169049	0.865161104549499	0.7194609507817713
IjazUZ_2017__S14_a_WGS__bin.19	0.8910451296813148	0.8628281326833737	0.7736962262075037	0.9369124148724294	0.7849034266583738	0.7051049597966593	0.5945421242542567	1.0	0.8699215355632847	0.8894015192169947	0.841125794580127	0.8980736975172949	0.8435347953682519	0.8789883375508857	0.5809946874557943	0.8499627268665195	0.8635306526615487	0.7843375935477063	0.6182400344888753	0.9181722804646117	0.8672147426469763	0.5625602039693641	0.9302057768866157	0.8999614919133018	0.9096294915809872	0.8952347084724526	0.7663036278434798
HeQ_2017__SZAXPI029483-78__bin.3	0.907991918018848	0.9346346073514032	0.7472804785196465	0.9511197158271143	0.7924738031824283	0.7179741127744481	0.6087701938431183	0.9182389694881511	1.0	0.9002512287396198	0.8520736740129347	0.9582527752184179	0.8715281995372415	0.89311402170403	0.6071259491439558	0.8649521095215099	0.9252052343270891	0.8060066777073008	0.5983996018261485	0.9302422520523432	0.921790538038342	0.5793909480626057	0.9485858014285671	0.9039532975253377	0.9647399871423027	0.9143698098897616	0.7414844418900223
YuJ_2015__SZAXPI015233-19__bin.6	0.967065593155666	0.8708520695391015	0.7203751353601117	0.9328058523085573	0.7609589807694895	0.6909278168142233	0.5801914377698435	0.9070774839492892	0.8698304459849107	1.0	0.8941055269290408	0.8928692164413551	0.8403613724964283	0.8667655753223381	0.5913107896786537	0.904370711091786	0.8625723101373166	0.795972988376277	0.5837695533280911	0.9161578824883876	0.8610282817116216	0.5893104799569711	0.9201522044483704	0.9226047879766157	0.9010453536165731	0.8922600780487191	0.7179777979360857
FengQ_2015__SID530450__bin.66	0.9372647271798447	0.874197277729089	0.7311865925624591	0.9238775539301652	0.7557870781167193	0.6903937855364531	0.5850737720309703	0.9091134402911748	0.8724863405632562	0.9475440012692484	1.0	0.8939652758628327	0.8299783493642685	0.8603241255184761	0.5865699319781132	0.8859775654880919	0.8662571945059503	0.7885148185663378	0.5847012488324522	0.9016687401162284	0.8641992161844948	0.5766088800672483	0.9124597785671144	0.9205339458731073	0.9022011327981497	0.8851642636190143	0.7278930385182314
YuJ_2015__SZAXPI003415-12__bin.8	0.8710581312015645	0.8977782814173159	0.7225853191054544	0.9208182125461558	0.7529595164763447	0.6899709157447557	0.5868083997422899	0.8908858753425322	0.9005639216022568	0.868463212008796	0.8204906179193092	1.0	0.832318938956475	0.8557030031456435	0.5736609019738649	0.8348108409709898	0.8831690534169128	0.7720856301059629	0.5738655442063418	0.9024012468976517	0.8835524443749002	0.5563771252861511	0.9123969758611261	0.8735207986114398	0.9311071228304444	0.871389735145619	0.7160100388848084
XieH_2016__YSZC12003_37190R1__bin.30	0.8521594746732949	0.8442116678123928	0.7060483653265665	0.8897972252545548	0.7606453637648953	0.6770946504457649	0.5659676919687827	0.8677164231289034	0.8493381302732391	0.8476066932729183	0.7899224419007176	0.8630868429554593	1.0	0.833271595973781	0.5666401143089106	0.8234679150028136	0.834144388045145	0.7780489473804255	0.5593390339580498	0.8628281523514427	0.8349071788663635	0.5517203646960082	0.8822822054644348	0.8653755041363068	0.8701070014785207	0.8907756878181843	0.7000834681402022
HeQ_2017__SZAXPI029564-74__bin.70	0.8635707786896545	0.8535017139811232	0.7280812601667112	0.984783822407661	0.7670013831322201	0.7209881124151051	0.5895842332117158	0.89941992307763	0.8657862026817142	0.8696300236189356	0.8144873909806913	0.8826577735706868	0.828879031072226	1.0	0.5737204303792814	0.835226907206073	0.8592803691722344	0.7813611445534	0.5929191442041706	0.947403353061731	0.861426579114244	0.5527692512705517	0.9651775785536388	0.881486304233947	0.8878919066087069	0.8882890976096167	0.7188617189438568
XieH_2016__YSZC12003_37400__bin.34	0.9232005474844343	0.9014876905460532	0.7724817505188578	0.9438922386030201	0.8112404279682244	0.7286713662062548	0.6107533278465612	0.9259012917769985	0.916633418020468	0.9239783868890002	0.8648786946253489	0.9215898518571531	0.8778595326701496	0.8935388785514922	1.0	0.8957941208044085	0.90702023545409	0.812865884205253	0.6270324912330925	0.926692997208903	0.8946459242825449	0.5977273133901094	0.9407276533314249	0.934554587418593	0.9285783296357261	0.920147337722751	0.7608884097903099
LiJ_2014__V1.CD54-0__bin.3	0.9243789560864368	0.828228132119235	0.6950853906703466	0.8933583058601126	0.740611786757334	0.6705441762507485	0.5606317923093336	0.868452598083413	0.8372644701855332	0.9060375700595807	0.8375521073508932	0.8598530211365999	0.8179337040784255	0.8340101266635924	0.5743305481567132	1.0	0.829939329492818	0.7749091490987177	0.5635698209824286	0.8756383652343884	0.8274111049167314	0.5819149351081377	0.8907426143493952	0.8914348936287365	0.8725999646690938	0.8652736768690393	0.6984512903810461
FengQ_2015__SID31367__bin.39	0.901588744695327	0.9153909529765919	0.7517683244289088	0.9532077846508419	0.7938487110552779	0.7298866795133783	0.6172339496672324	0.9237691387078546	0.9376659258489729	0.9047626911318658	0.8573840868516168	0.9524001112127292	0.8674652925609373	0.898340936672998	0.6088497589289951	0.868932015514536	1.0	0.8092848817343901	0.6000488207067053	0.9317299764543677	0.921572507156467	0.5826355014811349	0.9428470458668438	0.9139185252663671	0.9518722710996428	0.911481693435987	0.7480236020794138
IjazUZ_2017__S149_a_WGS__bin.14	0.8754558014610472	0.8536320736551609	0.7227960087753219	0.9225819408254571	0.7730389596666829	0.7042813271703661	0.5974125340190128	0.8894058643669798	0.8658844879667141	0.8850112014889913	0.8272745992750461	0.8825764411314728	0.8576874614297358	0.8659032658570531	0.5783933955295253	0.8600060534826144	0.8578526432108537	1.0	0.5872957068968645	0.9045901757260439	0.8598851111380579	0.5675961085845831	0.9145577345334633	0.8908196167209793	0.8876286484406554	0.9032626743598728	0.7125693787350895
IjazUZ_2017__S16_a_WGS__bin.12	0.9025854638587553	0.8707857044590165	0.8034510358250009	0.9536468696692911	0.8141373970778979	0.7294301940581317	0.61194087580429	0.9681677151721892	0.8877877126844335	0.8963722280313808	0.8471696064818782	0.9059276713595585	0.8515179045888543	0.9074225224524349	0.6161564350021075	0.86376372825796	0.8784041266856634	0.811060667395412	1.0	0.932676319686279	0.8853377567915511	0.5928040567120396	0.9470455263691118	0.9148330456591081	0.9175423259109426	0.9111545955572903	0.7795382531999088
YuJ_2015__SZAXPI003428-6__bin.7	0.8856600445711	0.8682054932361278	0.7311932736840081	1.0029824662656772	0.7732057037401973	0.7310368594019622	0.5928631034879828	0.9120946158635309	0.8754596586376789	0.8923588138053865	0.8287157662529355	0.9036605124198795	0.8332305906186561	0.9197530606037034	0.577642404608896	0.8513227880553021	0.8652071346102427	0.7924477273785496	0.5916340942985739	1.0	0.8681569797154933	0.5567124450284654	0.9897745208662507	0.8923133672314588	0.8983719810440388	0.9004103853507012	0.7272974149263836
QinJ_2012__T2D-016__bin.41	0.9034856969249461	0.9215765428429441	0.7556794069369637	0.9543802970533695	0.7986001788090573	0.7302613485418004	0.6180366213665728	0.9266726909503482	0.933160442589906	0.902133082284857	0.8543905841225834	0.951747947009897	0.8672875097884613	0.8995775103672964	0.5998716965536518	0.8653161714227616	0.920541837630459	0.8102950469411265	0.6041088893774164	0.9338610429888525	1.0	0.5810376623699908	0.9462871028044111	0.9126075980953028	0.9559593471819878	0.9066551939352478	0.7458874966522038
NielsenHB_2014__V1_UC16_0__bin.1	0.8999787095702689	0.8556729719319697	0.7249227890639631	0.9040954482651391	0.7601990876034928	0.6923418059231565	0.6012912071408631	0.8853369011735355	0.8638446098992547	0.9093628419278351	0.8395832376294653	0.8826707386453987	0.8440802887724345	0.8501666130725005	0.5902692135085569	0.8962988222240283	0.8571381245339957	0.7877383909735645	0.5957406772653547	0.8819719531716556	0.8557445289779534	1.0	0.8989442243746267	0.907695827782509	0.8955819266337091	0.8895388899293617	0.7325749758826253
YuJ_2015__SZAXPI017595-169__bin.30	0.8822946004037412	0.8587085454018287	0.7246482237973182	0.9957401627215915	0.7695353709151149	0.7243046490133114	0.5825277793280691	0.9022837377778443	0.8716960533820473	0.8751394241174797	0.8188808228371055	0.8921499151272275	0.8319491879574588	0.9149385608245795	0.5725790841363464	0.8456099609462736	0.8549085320617619	0.7823088933325528	0.5865992221924263	0.9664617106049448	0.8589884145602747	0.5540606210753999	1.0	0.8789130295700278	0.8972861131264896	0.894900419123122	0.7196075842363969
YuJ_2015__SZAXPI003424-12__bin.59	0.9356546636100901	0.8816410537949934	0.7469061428906075	0.9439502168356673	0.7888668921166908	0.7150741399324808	0.6007794327960001	0.9284574046839515	0.8835037817750323	0.9332698621731865	0.8786597624406514	0.90845038000172	0.8678963045712265	0.8887389942542965	0.6049927943438856	0.9000806998737816	0.8813732124485709	0.8104586688951065	0.6026795137854322	0.9267012341260569	0.8810943678900791	0.5950299649316049	0.934802493791148	1.0	0.914591620127423	0.9128198134260614	0.745417524120923
GeversD_2014__SKBSTL008__bin.83	0.8993237478390784	0.906277440134023	0.7354539893730592	0.9382442329940808	0.7725399712169343	0.7045711569248329	0.5950184765336569	0.916518646070382	0.9208977556391816	0.8901780969863186	0.8410523210977495	0.9457281694247375	0.8522649342907327	0.8742939622584951	0.587087438247768	0.8604897985270242	0.8965401782242448	0.7886987017078386	0.5903497829675403	0.9112074380102186	0.9013977801011112	0.573379991046651	0.9320594653951365	0.8932354139736156	1.0	0.899120134090965	0.7352138948284087
LoombaR_2017__SID5639_uuc__bin.9	0.8632015975874793	0.8333242134214152	0.7058521645696396	0.9134827119633346	0.7601615164036816	0.6884743105899311	0.571278191582266	0.8814867446225683	0.8529530274791236	0.8614375855337194	0.8063909026391367	0.8649305117984024	0.8526531758296909	0.8547789443895407	0.5685173455197465	0.8338465356494593	0.8389597662649484	0.7843248612115222	0.5728982195721047	0.892490609254334	0.8354516401470683	0.5565500865562549	0.9084258589851583	0.8712160656368352	0.8786579137621128	1.0	0.7091427946063183
FengQ_2015__SID31883__bin.30	0.8892601741839951	0.8709712056030822	0.7815801477967339	0.9320163095731018	0.7897279164590542	0.7168639863010815	0.6031948937842561	0.958030920817163	0.878223491680293	0.8801225323349217	0.8419553943000709	0.9023762570792951	0.8508512698869418	0.8783034956103107	0.5969075673892752	0.8546111037033398	0.8741948727305903	0.7856133283740254	0.6223326759911013	0.9153242615426723	0.8726744471658257	0.5819573593088784	0.9274922276883776	0.9033170050458619	0.9122535843866014	0.9003958089169293	1.0
