	ZeeviD_2015__PNP_Main_364__bin.14	Obregon-TitoAJ_2015__SM11__bin.23	Obregon-TitoAJ_2015__SM01__bin.37	WenC_2017__N021__bin.24	RampelliS_2015__H21__bin.9	CosteaPI_2017__SID713B044-11-90-0__bin.58	QinN_2014__LV-11__bin.4	LiuW_2016__SRR3993043__bin.20	LiuW_2016__SRR3993054__bin.15	LiuW_2016__SRR3992980__bin.37	CosteaPI_2017__SID713B044-11-0-0__bin.44	LiJ_2014__MH0400__bin.45	LiuW_2016__SRR3992978__bin.42	ZeeviD_2015__PNP_Main_293__bin.1	YuJ_2015__SZAXPI015220-136__bin.34	LiuW_2016__SRR3992956__bin.43	ZeeviD_2015__PNP_Main_634__bin.23	LiuW_2016__SRR3992966__bin.11	Obregon-TitoAJ_2015__SM42__bin.24	NielsenHB_2014__O2_UC12_2__bin.35	ZeeviD_2015__PNP_Main_538__bin.7	LiuW_2016__SRR3993034__bin.53	LiJ_2014__MH0357__bin.54	LiuW_2016__SRR3992961__bin.41	LiuW_2016__SRR3993001__bin.60	Obregon-TitoAJ_2015__SM25__bin.54
ZeeviD_2015__PNP_Main_364__bin.14	1.0	0.7442035113098615	0.8228480109147336	0.5344924503060605	0.8527531988913227	0.8270177054001826	0.5922847375119539	0.8058528313643005	0.6263252122340459	0.6082121551325316	0.7983728878977132	0.822677094206522	0.8326175650764431	0.5545484227230211	0.5446786373188591	0.6598869705742764	0.7997798652637784	0.5824602057657648	0.48838420879215	0.7749789907087883	0.7948086948358845	0.5690221133308675	0.6324684898031541	0.5235021693706039	0.4954299415405018	0.5969496042548911
Obregon-TitoAJ_2015__SM11__bin.23	0.7745599984429891	1.0	0.8075810862097489	0.5216473175621101	0.8258829711661039	0.7817744085791302	0.578606669845564	0.7681497844512997	0.6050268097819211	0.5947450881170872	0.760120668346941	0.7698414768248654	0.7964784305329843	0.5184982629596832	0.5218921575305807	0.6408073101663082	0.7631576181625325	0.569164955576532	0.5041254950808185	0.732320627475404	0.756200114829556	0.556701472348459	0.5920187619816857	0.5070954934264945	0.48082171251739475	0.611582993548136
Obregon-TitoAJ_2015__SM01__bin.37	0.7705650250977503	0.7266285518955351	1.0	0.5100566117827038	0.8487984881109654	0.818805871038331	0.5707699818859107	0.7778463846771335	0.5965251208656658	0.5905809537285185	0.775079888317463	0.7992225511306246	0.793046529253624	0.5056888467363118	0.5420802343484041	0.6427685837527967	0.7741776861877618	0.5726990693588901	0.471559618889647	0.7590598465415819	0.7809179346295718	0.5640510977026068	0.6237389833975195	0.5027234176089123	0.4723868709977039	0.6062651213419836
WenC_2017__N021__bin.24	0.7673793116038914	0.719585063666599	0.7819828411078859	1.0	0.829464581997661	0.7774917604456286	0.8535018508793689	0.7804965532942646	0.6323086109115433	0.6297811698932213	0.7602125907049021	0.8080943620936469	0.7649168419820465	0.7435219222082972	0.46800292961933204	0.7183092616994154	0.7965289165670617	0.6881356860496209	0.6220914561002772	0.7670770066764822	0.7765354459239309	0.6809727238264608	0.5495694168360755	0.6511701831763819	0.5563489941246527	0.7318732488597788
RampelliS_2015__H21__bin.9	0.7108351176128024	0.6614555729999962	0.7555451914239859	0.4815871087938687	1.0	0.7591026310899838	0.529109527117099	0.7401045751960006	0.5572825413293994	0.5487984327437834	0.7224040448378936	0.7371288709096148	0.7454390200408774	0.48075035758332285	0.5191115348211959	0.6010598432993188	0.7061210658040606	0.5211541555110231	0.43894116678783557	0.7119471487484272	0.7184223062160264	0.534572726898621	0.5910721389281354	0.4688216647483324	0.45140919628238046	0.5497707975074541
CosteaPI_2017__SID713B044-11-90-0__bin.58	0.7605644557166825	0.6907793046661701	0.8041045071296448	0.4980219698579987	0.8374833788373132	1.0	0.5617836046718795	0.7972073695122648	0.6030027123536253	0.5947184428352386	0.8433830747207679	0.7747240009933144	0.8090979068169295	0.5188980814036275	0.5211120581075159	0.6623835142830217	0.7635956467515387	0.5866329737727856	0.47358361554055495	0.7403886170573543	0.7516703709588992	0.569465625750231	0.6209566635642789	0.5107586129093725	0.47935261216232294	0.5942400147483798
QinN_2014__LV-11__bin.4	0.756953851301293	0.7104915995507015	0.7789513180221304	0.7597571875821523	0.811220514781445	0.7807045383935186	1.0	0.7688110317137873	0.6256683316205817	0.6221604569462037	0.7612121501804364	0.8037478192290228	0.7608876036613054	0.6760958822264178	0.5045168845446072	0.6941452572712281	0.7906225653036351	0.6494257103936142	0.5801500848409531	0.7807728891331884	0.7740783404631599	0.6323284659321751	0.5961006619984227	0.612771550797027	0.5353043519824104	0.6938030255956791
LiuW_2016__SRR3993043__bin.20	0.7946482376292542	0.7277827401477697	0.8190744077671621	0.5360702012673344	0.8755213869131608	0.854809372462215	0.5931983486740637	1.0	0.6468439449784217	0.6402221928823633	0.8197758598688999	0.8046360009411703	0.8436049474869796	0.5535331131860456	0.5527829798658906	0.7042542221737048	0.7797517847936101	0.6142404365377623	0.490698936905453	0.7687273328076745	0.7834002945951309	0.6171281179029606	0.6221695743860081	0.5399090103772131	0.5238910455324286	0.619071678668554
LiuW_2016__SRR3993054__bin.15	0.8230315087363724	0.7638847456394312	0.8370581623761714	0.5787315415165063	0.8785095507155849	0.8616177069731257	0.6433123366829355	0.8619794187939761	1.0	0.7075009497392579	0.8644357172730665	0.8082922434929959	0.8585770669791017	0.6086749896425588	0.5318033644113902	0.7805456049310758	0.8105863614002375	0.6955644596511938	0.5665104982432895	0.7894385062874459	0.8027751553124703	0.6670334568690599	0.6170253232676535	0.6622550274748632	0.594933380644191	0.6919940297891309
LiuW_2016__SRR3992980__bin.37	0.8303148384145346	0.7801088741299872	0.8609490899585007	0.5988373280397347	0.8987834117570173	0.882831646407215	0.6645860904159723	0.886337736496422	0.7350183192824232	1.0	0.8798034506420939	0.8214855365487044	0.8842387796948011	0.6133707275430513	0.53130463108192	0.8007716767963925	0.819396791164265	0.7238807265627553	0.5842365331830213	0.7946856721563246	0.8161352645165507	0.7053919346142534	0.6154901071790347	0.6362764679933339	0.6130766387282293	0.7303476170636866
CosteaPI_2017__SID713B044-11-0-0__bin.44	0.8043345155744218	0.73578362312872	0.8338495982854552	0.5334546094403201	0.8731031925784448	0.9239204686964841	0.6000642803557952	0.8375425160295841	0.662745916633729	0.649275301158742	1.0	0.8122154529824616	0.8452335513314059	0.5525563498705162	0.5507835534225898	0.7026415609048836	0.7986969851910268	0.6235774768566228	0.5205382518983616	0.7730345791388769	0.7843556082726482	0.6142259284950747	0.6407564584613634	0.5597285454892786	0.5318788741065841	0.6348382196074679
LiJ_2014__MH0400__bin.45	0.7530225305488087	0.6770434196179923	0.7811899101208601	0.5151955825541013	0.8094247290018126	0.7710887340409326	0.5756513285030357	0.74689376939522	0.5630285384669368	0.5507960063605196	0.7379363229144736	1.0	0.752575103255744	0.49372728844340147	0.5431969313402792	0.6002416860511888	0.7966352235168059	0.5331631945692528	0.4583110389932714	0.8400466255526515	0.7329389674254445	0.5247815497005456	0.6814149930934617	0.4733671214540874	0.4446547501065507	0.545904088978808
LiuW_2016__SRR3992978__bin.42	0.7932974052379856	0.7291235649488694	0.8068623754875557	0.507617022277367	0.8520342823016122	0.8382437518395807	0.5672468754743712	0.815099064762506	0.6225198175848594	0.6171238329129765	0.7993486904323273	0.7833606404912296	1.0	0.5307036267088948	0.5261518002413101	0.6711439002888453	0.7767114247494785	0.5990929129907716	0.4949756729925675	0.7458499415253856	0.7679915448772174	0.5729304226919988	0.6120189741393256	0.5272543015009553	0.49873037750868926	0.6050087907905868
ZeeviD_2015__PNP_Main_293__bin.1	0.7778883563397365	0.6988142503997616	0.7574805785106624	0.7264455421858671	0.8090062828675394	0.7914776280391325	0.7420740178035565	0.7874123357409964	0.6497505949208241	0.630250412352529	0.7693490915653447	0.7566348885913702	0.7813387921953103	1.0	0.42846418093987	0.7227390910197384	0.7485037793735598	0.6749738738474065	0.5777048437257363	0.7181449802112756	0.745725908329731	0.6460876873423512	0.5077596771688904	0.6612513482773528	0.5578746742100248	0.7294810024048651
YuJ_2015__SZAXPI015220-136__bin.34	0.7345322256961273	0.6762198778546027	0.7806285207333968	0.4395928016022442	0.8398189556866101	0.7641531654258622	0.5323623771195011	0.7559724802153004	0.5457641753571737	0.5248393746163728	0.7372597932435206	0.8002934354288227	0.7447167248611628	0.4119146485205417	1.0	0.5473029713237226	0.7749191892547558	0.46342673873604884	0.3993218403616448	0.7317017691362215	0.7462716602806551	0.5284011501377652	0.7427376244440084	0.3833286512107868	0.40710408282767246	0.5000955758228978
LiuW_2016__SRR3992956__bin.43	0.813890904427784	0.7593827884305351	0.8465675436682583	0.6170773368808867	0.8893420712133842	0.8883517022859672	0.6698971667699166	0.880860048000834	0.7326193020920448	0.723465193398709	0.8602002233519491	0.8088057497673994	0.8688040245788625	0.6354778103390457	0.5005574573119624	1.0	0.7963373417058793	0.790566263153986	0.5880641862391766	0.7930032072823253	0.8077863201774637	0.7178837010737222	0.6027937906128524	0.6477068138950559	0.6285286217542584	0.7075256506474762
ZeeviD_2015__PNP_Main_634__bin.23	0.7917666033045551	0.7259013550408423	0.8184227499353914	0.5492369518356623	0.8386106295804551	0.8219945514014332	0.6124308465617477	0.7828235855155249	0.6106740104514162	0.5942008487610325	0.7848340428556936	0.8616038932524905	0.80704163609019	0.5282541455037955	0.5688694565248782	0.6391858499347249	1.0	0.5704156204019581	0.5199642486628422	0.8279159591806812	0.7755152213465399	0.5646882236072861	0.6761664169947698	0.5134115646837807	0.4840814727655229	0.595960276621158
LiuW_2016__SRR3992966__bin.11	0.7962688574142757	0.7475982456840002	0.836046203668766	0.6552379462354706	0.854700894030356	0.8720446534571459	0.6946788679364904	0.8515549665569452	0.7236262067569185	0.7248911221752864	0.8461609254640664	0.7962969780076509	0.8596015465303789	0.6578132813051227	0.4697903021787836	0.8762642763139731	0.7876951441359359	1.0	0.6140484349100295	0.7704117161640238	0.7782946854123656	0.7369113976343935	0.560565111444468	0.6759781620584683	0.6211317567394837	0.7470777590648011
Obregon-TitoAJ_2015__SM42__bin.24	0.7765668709204743	0.7701805695636453	0.8006895944737292	0.6889742193000818	0.8372941207254182	0.8188280224171726	0.7218031028183219	0.7912490009324631	0.685501864926069	0.680484523968106	0.8215594017012693	0.7961575148908637	0.8260581790329026	0.6548554682296522	0.4708361481664732	0.7581328854973453	0.8351490989362309	0.7142107842204418	1.0	0.7796693324325867	0.7769153551922967	0.6869195893356677	0.5461396743991322	0.6601523102247425	0.61161308968772	0.7827414651087556
NielsenHB_2014__O2_UC12_2__bin.35	0.7490620240759505	0.6800890277331438	0.7834552578525548	0.5164143527396777	0.8255247297049628	0.7781554543946146	0.5904915865032685	0.7534960592178298	0.580670267347087	0.5626463808173214	0.7416446127702092	0.8870593483276935	0.756639213918518	0.4948370204700887	0.5244347292024919	0.6214499432280108	0.8083275705818072	0.5446998531266527	0.47393748176735306	1.0	0.7439126004173762	0.5392746126726069	0.6970425426621346	0.49066578848719733	0.45188912815503873	0.5665103463832393
ZeeviD_2015__PNP_Main_538__bin.7	0.7739068590606373	0.7074560675185141	0.8119734220140188	0.5266460842408246	0.8391901478205643	0.7958519784183141	0.5897556911208609	0.773553986260903	0.594844488338082	0.5821039230424118	0.7580680050341729	0.7796780955211009	0.7848597540014101	0.517639634206739	0.5388309386052311	0.6377139814831	0.7627631433282641	0.5543405903500033	0.47575410628863757	0.7494111503434774	1.0	0.5488930937439913	0.6149531396575131	0.5081350108083227	0.48649797234700837	0.5840474546545708
LiuW_2016__SRR3993034__bin.53	0.7423973681912024	0.6978567758488018	0.7858434879859314	0.6188259037205723	0.8366976694029294	0.8078924986910733	0.6455221531880966	0.8165136047865974	0.6622749512171676	0.6741399509805118	0.7954346392998108	0.7480097726688296	0.7845465160591766	0.6009259345102369	0.5112113903217007	0.759389749822996	0.7441993686898876	0.7032813194566772	0.5636323801874608	0.7279296414687499	0.7354767689296663	1.0	0.5631434539757947	0.6059445034593237	0.5679829451607284	0.6889658332312705
LiJ_2014__MH0357__bin.54	0.7290738405492504	0.6556993349931559	0.7677959927140255	0.44125198047013936	0.817386749442235	0.7783459975641565	0.5376669792306614	0.7273144286006833	0.5412763389055949	0.5197158901068106	0.7331531240232375	0.858155010185275	0.7404692771149265	0.41726603507183585	0.6348886086591005	0.5633843135986893	0.787334906931376	0.472677811189791	0.39593063234929565	0.8313120143132754	0.7280287989997952	0.49755876742005367	1.0	0.4070320431984997	0.40408747480626417	0.5114788588180771
LiuW_2016__SRR3992961__bin.41	0.8253490083422369	0.7681491413651834	0.8463667518107866	0.7150643769738223	0.8867093802404319	0.8756158797321616	0.7559252995964499	0.8632180939509938	0.7945620974227983	0.7348138032534017	0.8759224929066222	0.8153398571182607	0.8724666086460198	0.7432038010599382	0.448146405432242	0.8279440171514693	0.8176323802380734	0.7795757888803195	0.6545548566347552	0.8003447039649801	0.8227581270180454	0.7322252804920907	0.5566921863170333	1.0	0.649889029616474	0.7968404691653282
LiuW_2016__SRR3993001__bin.60	0.7948647482627378	0.7411936811117998	0.8093178819351731	0.6217127626444668	0.8688321265553755	0.8362668228367554	0.6720056115625069	0.8523790636875141	0.7263781240268121	0.7205067447357099	0.847018317383303	0.7793909486552831	0.8398202523883043	0.6380722194653774	0.4843350880466878	0.817597216780204	0.7845176798421178	0.7289558905505295	0.6171212660337858	0.7500928559984975	0.8016151843409085	0.6984559202524483	0.5624109317461908	0.6613495231791974	1.0	0.7344330443746666
Obregon-TitoAJ_2015__SM25__bin.54	0.7713020476446819	0.7592396257469549	0.8364880289088346	0.6586492136375629	0.8521635718917833	0.8348866000902676	0.7014296883834075	0.811163804809312	0.6804129888731141	0.6912397881127013	0.8141772357424996	0.7705921807362707	0.8204611767070873	0.6719284121693126	0.4791475991614969	0.7411947992705139	0.7778169732125513	0.706088522191435	0.6360450990189437	0.7572980020315047	0.7750127814702026	0.6823029068300891	0.5732999194936508	0.653038897227315	0.591463620891446	1.0
