	NielsenHB_2014__O2_UC16_2__bin.27	QinN_2014__LV-11__bin.12	ZeeviD_2015__PNP_Main_232__bin.44	Obregon-TitoAJ_2015__SM25__bin.23	CosteaPI_2017__SID713B003-11-90-0__bin.22	SchirmerM_2016__G88842__bin.7	ZellerG_2014__CCIS87116798ST-4-0__bin.37	ZellerG_2014__CCIS74726977ST-3-0__bin.91	ZeeviD_2015__PNP_Main_151__bin.1	CM_madagascar__A81_03_1FE__bin.28	LeChatelierE_2013__MH0152__bin.35	BackhedF_2015__SID39_M__bin.33	CosteaPI_2017__SID713A066-11-90-0__bin.18	NielsenHB_2014__O2_UC16_0__bin.5	LiJ_2014__MH0394__bin.43	CM_madagascar__V53_02_1FE__bin.39	LeChatelierE_2013__MH0046__bin.14	KarlssonFH_2013__S587__bin.28	ZeeviD_2015__PNP_Main_342__bin.22	ZeeviD_2015__PNP_Main_311__bin.11	ZeeviD_2015__PNP_Main_500__bin.44	Obregon-TitoAJ_2015__SM41__bin.13	LiuW_2016__SRR3993044__bin.61	CosteaPI_2017__SID713A089-11-0-0__bin.31	ZeeviD_2015__PNP_Main_126__bin.9	LiJ_2014__MH0400__bin.70	ZellerG_2014__CCIS77252613ST-4-0__bin.9	ZeeviD_2015__PNP_Main_744__bin.10	LiJ_2014__O2.UC16-1__bin.11	Obregon-TitoAJ_2015__SM24__bin.26	Obregon-TitoAJ_2015__SM40__bin.38	ZellerG_2014__CCIS19142497ST-3-0__bin.15	BritoIL_2016__W2.15.ST__bin.7	CM_madagascar__V36_02_2FE__bin.25	QinN_2014__HV-21__bin.18	ZellerG_2014__CCMD34381688ST-21-0__bin.4	CosteaPI_2017__SID713A066-11-0-0__bin.30	LiJ_2014__MH0389__bin.49	ChengpingW_2017__AS38raw__bin.17	LiJ_2017__H2M513938__bin.67	XieH_2016__YSZC12003_37315__bin.53	LeChatelierE_2013__MH0288__bin.38	ZellerG_2014__CCIS48174381ST-4-0__bin.65	Obregon-TitoAJ_2015__SM23__bin.16
NielsenHB_2014__O2_UC16_2__bin.27	0.0	71649.0	41436.0	74393.0	43097.0	66551.0	52585.0	57795.0	52468.0	77932.0	64718.0	48622.0	63920.0	4843.0	80460.0	80544.0	57551.0	77903.0	77300.0	52090.0	53071.0	56376.0	66509.0	47307.0	37111.0	64180.0	56275.0	38810.0	3081.0	49205.0	62954.0	66051.0	75890.0	55632.0	80255.0	49350.0	58977.0	64271.0	67238.0	77367.0	75891.0	51718.0	75235.0	84498.0
QinN_2014__LV-11__bin.12	71649.0	0.0	38612.0	70149.0	50280.0	63362.0	62999.0	65313.0	51001.0	67852.0	65913.0	52081.0	74470.0	68855.0	79214.0	69481.0	60886.0	76146.0	75312.0	55423.0	46090.0	52781.0	74726.0	54896.0	46591.0	71134.0	63829.0	47482.0	76025.0	45166.0	63749.0	79562.0	68200.0	47092.0	63706.0	48755.0	66590.0	70076.0	61401.0	72744.0	68114.0	52981.0	74045.0	77762.0
ZeeviD_2015__PNP_Main_232__bin.44	41436.0	38612.0	0.0	38499.0	25068.0	37945.0	31808.0	36200.0	26042.0	39468.0	40926.0	25763.0	41117.0	39263.0	50317.0	40354.0	33540.0	47732.0	47754.0	28812.0	18039.0	29504.0	41851.0	27230.0	22196.0	34030.0	30548.0	23106.0	43549.0	31582.0	36584.0	44802.0	33938.0	32227.0	42712.0	22720.0	41203.0	34952.0	34886.0	35365.0	30029.0	29333.0	45513.0	44728.0
Obregon-TitoAJ_2015__SM25__bin.23	74393.0	70149.0	38499.0	0.0	52000.0	64694.0	57647.0	63950.0	51233.0	75454.0	66112.0	51085.0	71515.0	71236.0	77672.0	72913.0	60811.0	78525.0	75431.0	57777.0	46367.0	51965.0	72899.0	56111.0	46537.0	66628.0	62407.0	46032.0	76818.0	2162.0	11478.0	73742.0	71658.0	52878.0	76446.0	45316.0	68273.0	67900.0	66469.0	71006.0	66362.0	54751.0	74012.0	3719.0
CosteaPI_2017__SID713B003-11-90-0__bin.22	43097.0	50280.0	25068.0	52000.0	0.0	40173.0	36323.0	36518.0	38850.0	52561.0	40140.0	35580.0	16706.0	42213.0	48118.0	51104.0	37949.0	49336.0	48015.0	36545.0	35793.0	42385.0	41605.0	14004.0	27101.0	43451.0	42208.0	28131.0	45320.0	33799.0	43535.0	42359.0	50034.0	35272.0	53335.0	33239.0	13041.0	44506.0	44816.0	47250.0	46002.0	34193.0	45238.0	53812.0
SchirmerM_2016__G88842__bin.7	66551.0	63362.0	37945.0	64694.0	40173.0	0.0	51601.0	53510.0	49083.0	65138.0	23470.0	19727.0	60191.0	62429.0	27708.0	68156.0	24068.0	28582.0	27018.0	52593.0	47664.0	49977.0	59910.0	47185.0	38696.0	60172.0	55982.0	37502.0	68983.0	41670.0	55995.0	62534.0	65734.0	49693.0	70869.0	18392.0	55217.0	61131.0	62103.0	66644.0	66226.0	25265.0	27796.0	71809.0
ZellerG_2014__CCIS87116798ST-4-0__bin.37	52585.0	62999.0	31808.0	57647.0	36323.0	51601.0	0.0	44325.0	45452.0	62078.0	52871.0	41329.0	50615.0	51400.0	66194.0	67239.0	49532.0	64469.0	63918.0	45240.0	49876.0	45735.0	57104.0	40913.0	33855.0	52259.0	47368.0	35919.0	55209.0	37690.0	51414.0	56339.0	61369.0	44544.0	67244.0	48717.0	44594.0	55741.0	59036.0	63138.0	59754.0	43087.0	59984.0	65970.0
ZellerG_2014__CCIS74726977ST-3-0__bin.91	57795.0	65313.0	36200.0	63950.0	36518.0	53510.0	44325.0	0.0	45638.0	66719.0	52990.0	43180.0	49597.0	54476.0	67093.0	67325.0	50332.0	65847.0	64965.0	44682.0	43721.0	51510.0	57717.0	40234.0	31518.0	56799.0	48247.0	33554.0	60076.0	42998.0	54987.0	54273.0	66262.0	49897.0	69582.0	40024.0	44309.0	57326.0	59697.0	63584.0	62373.0	41666.0	61118.0	69453.0
ZeeviD_2015__PNP_Main_151__bin.1	52468.0	51001.0	26042.0	51233.0	38850.0	49083.0	45452.0	45638.0	0.0	50994.0	48792.0	37620.0	52256.0	49998.0	56450.0	50915.0	43298.0	59170.0	57119.0	42469.0	38856.0	41441.0	50196.0	44271.0	35572.0	45671.0	43833.0	32608.0	54212.0	34151.0	43388.0	53507.0	51645.0	37207.0	51949.0	40901.0	50622.0	45798.0	49488.0	49078.0	49154.0	44012.0	52861.0	56209.0
CM_madagascar__A81_03_1FE__bin.28	77932.0	67852.0	39468.0	75454.0	52561.0	65138.0	62078.0	66719.0	50994.0	0.0	66120.0	50249.0	76012.0	71773.0	82591.0	65635.0	61649.0	82415.0	78770.0	57031.0	46014.0	51759.0	74677.0	53197.0	45780.0	68939.0	63786.0	46033.0	79244.0	46798.0	63839.0	79225.0	68652.0	47123.0	71155.0	49267.0	73001.0	72586.0	63459.0	70312.0	65159.0	51694.0	77244.0	79677.0
LeChatelierE_2013__MH0152__bin.35	64718.0	65913.0	40926.0	66112.0	40140.0	23470.0	52871.0	52990.0	48792.0	66120.0	0.0	19745.0	60223.0	59324.0	27672.0	71088.0	22265.0	27123.0	25762.0	50524.0	46043.0	48270.0	59877.0	45525.0	37997.0	59027.0	53499.0	37320.0	65180.0	43334.0	57715.0	64929.0	66058.0	51600.0	72138.0	16279.0	55586.0	62601.0	60226.0	67078.0	65636.0	25561.0	25474.0	72616.0
BackhedF_2015__SID39_M__bin.33	48622.0	52081.0	25763.0	51085.0	35580.0	19727.0	41329.0	43180.0	37620.0	50249.0	19745.0	0.0	47248.0	46574.0	23843.0	53227.0	20541.0	24108.0	22985.0	41694.0	39254.0	43165.0	48236.0	39849.0	31128.0	47347.0	42793.0	36105.0	50379.0	33597.0	43485.0	49113.0	52713.0	36055.0	54108.0	15997.0	40290.0	47049.0	48708.0	51281.0	50413.0	20520.0	21598.0	57133.0
CosteaPI_2017__SID713A066-11-90-0__bin.18	63920.0	74470.0	41117.0	71515.0	16706.0	60191.0	50615.0	49597.0	52256.0	76012.0	60223.0	47248.0	0.0	59741.0	76274.0	77110.0	54814.0	75320.0	72340.0	50803.0	51505.0	55774.0	64705.0	14729.0	35272.0	63365.0	54653.0	34565.0	66057.0	46112.0	65389.0	63797.0	74108.0	55914.0	81999.0	45037.0	554.0	65831.0	67297.0	71066.0	71030.0	48630.0	69888.0	81610.0
NielsenHB_2014__O2_UC16_0__bin.5	4843.0	68855.0	39263.0	71236.0	42213.0	62429.0	51400.0	54476.0	49998.0	71773.0	59324.0	46574.0	59741.0	0.0	75994.0	75205.0	54855.0	73597.0	72506.0	49340.0	50067.0	53765.0	63956.0	45014.0	35479.0	59438.0	53458.0	38001.0	4996.0	45341.0	61124.0	62163.0	72143.0	54149.0	76363.0	46980.0	55235.0	60982.0	66141.0	72395.0	69969.0	47844.0	70502.0	80853.0
LiJ_2014__MH0394__bin.43	80460.0	79214.0	50317.0	77672.0	48118.0	27708.0	66194.0	67093.0	56450.0	82591.0	27672.0	23843.0	76274.0	75994.0	0.0	88615.0	27403.0	35755.0	33289.0	60330.0	58159.0	59134.0	77731.0	55114.0	45529.0	76392.0	65537.0	44704.0	83642.0	51715.0	69955.0	81829.0	81659.0	61054.0	89364.0	20506.0	67851.0	79395.0	74294.0	86299.0	81205.0	28269.0	33107.0	90084.0
CM_madagascar__V53_02_1FE__bin.39	80544.0	69481.0	40354.0	72913.0	51104.0	68156.0	67239.0	67325.0	50915.0	65635.0	71088.0	53227.0	77110.0	75205.0	88615.0	0.0	63423.0	85640.0	83697.0	55708.0	49714.0	54144.0	80190.0	54780.0	47765.0	69833.0	64019.0	45722.0	83374.0	48040.0	63480.0	84370.0	71835.0	49011.0	77741.0	51536.0	71241.0	72148.0	64636.0	74193.0	69043.0	54857.0	82147.0	81672.0
LeChatelierE_2013__MH0046__bin.14	57551.0	60886.0	33540.0	60811.0	37949.0	24068.0	49532.0	50332.0	43298.0	61649.0	22265.0	20541.0	54814.0	54855.0	27403.0	63423.0	0.0	27920.0	27260.0	47197.0	45659.0	44486.0	54831.0	42786.0	37052.0	57094.0	48638.0	38193.0	59515.0	37873.0	50605.0	58280.0	60311.0	44557.0	63817.0	17552.0	47416.0	58006.0	57278.0	62677.0	59052.0	24412.0	25228.0	65770.0
KarlssonFH_2013__S587__bin.28	77903.0	76146.0	47732.0	78525.0	49336.0	28582.0	64469.0	65847.0	59170.0	82415.0	27123.0	24108.0	75320.0	73597.0	35755.0	85640.0	27920.0	0.0	33508.0	59326.0	57127.0	59026.0	75883.0	54688.0	45233.0	72423.0	64620.0	44370.0	80448.0	52081.0	69573.0	79588.0	80517.0	59797.0	86137.0	20176.0	67820.0	77364.0	72920.0	83588.0	78715.0	27311.0	31532.0	91717.0
ZeeviD_2015__PNP_Main_342__bin.22	77300.0	75312.0	47754.0	75431.0	48015.0	27018.0	63918.0	64965.0	57119.0	78770.0	25762.0	22985.0	72340.0	72506.0	33289.0	83697.0	27260.0	33508.0	0.0	59327.0	56400.0	55009.0	75460.0	53529.0	44273.0	73288.0	63504.0	42863.0	80303.0	50299.0	66203.0	77733.0	78440.0	60097.0	83443.0	20541.0	65182.0	76473.0	70973.0	82675.0	77923.0	26892.0	29401.0	86672.0
ZeeviD_2015__PNP_Main_311__bin.11	52090.0	55423.0	28812.0	57777.0	36545.0	52593.0	45240.0	44682.0	42469.0	57031.0	50524.0	41694.0	50803.0	49340.0	60330.0	55708.0	47197.0	59326.0	59327.0	0.0	38699.0	45779.0	56996.0	41566.0	34551.0	46459.0	44427.0	33774.0	53224.0	39041.0	49514.0	51402.0	56249.0	41748.0	60510.0	40877.0	45018.0	46772.0	53703.0	55072.0	50597.0	44073.0	56546.0	60036.0
ZeeviD_2015__PNP_Main_500__bin.44	53071.0	46090.0	18039.0	46367.0	35793.0	47664.0	49876.0	43721.0	38856.0	46014.0	46043.0	39254.0	51505.0	50067.0	58159.0	49714.0	45659.0	57127.0	56400.0	38699.0	0.0	36779.0	51608.0	39615.0	33454.0	46290.0	40018.0	33568.0	55706.0	27271.0	40457.0	54820.0	47131.0	30829.0	50061.0	49711.0	44841.0	46061.0	45536.0	44182.0	39184.0	38754.0	52879.0	52544.0
Obregon-TitoAJ_2015__SM41__bin.13	56376.0	52781.0	29504.0	51965.0	42385.0	49977.0	45735.0	51510.0	41441.0	51759.0	48270.0	43165.0	55774.0	53765.0	59134.0	54144.0	44486.0	59026.0	55009.0	45779.0	36779.0	0.0	55100.0	43538.0	40853.0	51570.0	49937.0	37045.0	57306.0	35102.0	46337.0	56187.0	54420.0	35352.0	56223.0	37605.0	48871.0	49424.0	52585.0	54986.0	52670.0	44123.0	54989.0	54361.0
LiuW_2016__SRR3993044__bin.61	66509.0	74726.0	41851.0	72899.0	41605.0	59910.0	57104.0	57717.0	50196.0	74677.0	59877.0	48236.0	64705.0	63956.0	77731.0	80190.0	54831.0	75883.0	75460.0	56996.0	51608.0	55100.0	0.0	44532.0	42648.0	66789.0	56947.0	41019.0	69021.0	47609.0	60424.0	69043.0	75343.0	54068.0	78678.0	46414.0	58950.0	68871.0	68759.0	75947.0	73429.0	51762.0	71634.0	78986.0
CosteaPI_2017__SID713A089-11-0-0__bin.31	47307.0	54896.0	27230.0	56111.0	14004.0	47185.0	40913.0	40234.0	44271.0	53197.0	45525.0	39849.0	14729.0	45014.0	55114.0	54780.0	42786.0	54688.0	53529.0	41566.0	39615.0	43538.0	44532.0	0.0	31549.0	47228.0	43182.0	30940.0	50439.0	36450.0	46217.0	45527.0	54012.0	38660.0	59328.0	36125.0	12881.0	47150.0	52292.0	51180.0	50855.0	38458.0	50861.0	56827.0
ZeeviD_2015__PNP_Main_126__bin.9	37111.0	46591.0	22196.0	46537.0	27101.0	38696.0	33855.0	31518.0	35572.0	45780.0	37997.0	31128.0	35272.0	35479.0	45529.0	47765.0	37052.0	45233.0	44273.0	34551.0	33454.0	40853.0	42648.0	31549.0	0.0	36741.0	34198.0	24812.0	37562.0	27860.0	39777.0	38673.0	46321.0	31133.0	47176.0	32632.0	29149.0	37561.0	42649.0	46228.0	46549.0	37087.0	43577.0	47501.0
LiJ_2014__MH0400__bin.70	64180.0	71134.0	34030.0	66628.0	43451.0	60172.0	52259.0	56799.0	45671.0	68939.0	59027.0	47347.0	63365.0	59438.0	76392.0	69833.0	57094.0	72423.0	73288.0	46459.0	46290.0	51570.0	66789.0	47228.0	36741.0	0.0	46775.0	37504.0	65683.0	44240.0	59946.0	65270.0	69420.0	49487.0	75787.0	45966.0	56328.0	59376.0	64247.0	68161.0	63323.0	50140.0	70696.0	76001.0
ZellerG_2014__CCIS77252613ST-4-0__bin.9	56275.0	63829.0	30548.0	62407.0	42208.0	55982.0	47368.0	48247.0	43833.0	63786.0	53499.0	42793.0	54653.0	53458.0	65537.0	64019.0	48638.0	64620.0	63504.0	44427.0	40018.0	49937.0	56947.0	43182.0	34198.0	46775.0	0.0	34558.0	58907.0	39277.0	54290.0	57232.0	62069.0	45150.0	66336.0	43160.0	49070.0	48918.0	56489.0	59272.0	54787.0	44560.0	60912.0	65758.0
ZeeviD_2015__PNP_Main_744__bin.10	38810.0	47482.0	23106.0	46032.0	28131.0	37502.0	35919.0	33554.0	32608.0	46033.0	37320.0	36105.0	34565.0	38001.0	44704.0	45722.0	38193.0	44370.0	42863.0	33774.0	33568.0	37045.0	41019.0	30940.0	24812.0	37504.0	34558.0	0.0	40164.0	29526.0	38111.0	35272.0	46846.0	31911.0	46564.0	29643.0	30654.0	37729.0	44543.0	42920.0	43181.0	33243.0	41475.0	48595.0
LiJ_2014__O2.UC16-1__bin.11	3081.0	76025.0	43549.0	76818.0	45320.0	68983.0	55209.0	60076.0	54212.0	79244.0	65180.0	50379.0	66057.0	4996.0	83642.0	83374.0	59515.0	80448.0	80303.0	53224.0	55706.0	57306.0	69021.0	50439.0	37562.0	65683.0	58907.0	40164.0	0.0	50330.0	66181.0	68578.0	78200.0	57693.0	82472.0	51741.0	60775.0	67519.0	69779.0	80308.0	78510.0	51790.0	77686.0	88930.0
Obregon-TitoAJ_2015__SM24__bin.26	49205.0	45166.0	31582.0	2162.0	33799.0	41670.0	37690.0	42998.0	34151.0	46798.0	43334.0	33597.0	46112.0	45341.0	51715.0	48040.0	37873.0	52081.0	50299.0	39041.0	27271.0	35102.0	47609.0	36450.0	27860.0	44240.0	39277.0	29526.0	50330.0	0.0	8430.0	48279.0	46129.0	35985.0	49202.0	26863.0	43749.0	44810.0	41998.0	46064.0	43631.0	34266.0	49986.0	4353.0
Obregon-TitoAJ_2015__SM40__bin.38	62954.0	63749.0	36584.0	11478.0	43535.0	55995.0	51414.0	54987.0	43388.0	63839.0	57715.0	43485.0	65389.0	61124.0	69955.0	63480.0	50605.0	69573.0	66203.0	49514.0	40457.0	46337.0	60424.0	46217.0	39777.0	59946.0	54290.0	38111.0	66181.0	8430.0	0.0	65632.0	63397.0	46255.0	68351.0	40467.0	58318.0	62344.0	56916.0	64578.0	59422.0	45958.0	65665.0	12962.0
ZellerG_2014__CCIS19142497ST-3-0__bin.15	66051.0	79562.0	44802.0	73742.0	42359.0	62534.0	56339.0	54273.0	53507.0	79225.0	64929.0	49113.0	63797.0	62163.0	81829.0	84370.0	58280.0	79588.0	77733.0	51402.0	54820.0	56187.0	69043.0	45527.0	38673.0	65270.0	57232.0	35272.0	68578.0	48279.0	65632.0	0.0	78247.0	58170.0	83939.0	49009.0	57389.0	69981.0	70702.0	78483.0	77107.0	50492.0	74281.0	83478.0
BritoIL_2016__W2.15.ST__bin.7	75890.0	68200.0	33938.0	71658.0	50034.0	65734.0	61369.0	66262.0	51645.0	68652.0	66058.0	52713.0	74108.0	72143.0	81659.0	71835.0	60311.0	80517.0	78440.0	56249.0	47131.0	54420.0	75343.0	54012.0	46321.0	69420.0	62069.0	46846.0	78200.0	46129.0	63397.0	78247.0	0.0	52702.0	74019.0	49758.0	66855.0	70516.0	64709.0	68978.0	68225.0	53770.0	75378.0	78409.0
CM_madagascar__V36_02_2FE__bin.25	55632.0	47092.0	32227.0	52878.0	35272.0	49693.0	44544.0	49897.0	37207.0	47123.0	51600.0	36055.0	55914.0	54149.0	61054.0	49011.0	44557.0	59797.0	60097.0	41748.0	30829.0	35352.0	54068.0	38660.0	31133.0	49487.0	45150.0	31911.0	57693.0	35985.0	46255.0	58170.0	52702.0	0.0	53652.0	32966.0	51524.0	52811.0	45375.0	50755.0	49373.0	38256.0	60507.0	59611.0
QinN_2014__HV-21__bin.18	80255.0	63706.0	42712.0	76446.0	53335.0	70869.0	67244.0	69582.0	51949.0	71155.0	72138.0	54108.0	81999.0	76363.0	89364.0	77741.0	63817.0	86137.0	83443.0	60510.0	50061.0	56223.0	78678.0	59328.0	47176.0	75787.0	66336.0	46564.0	82472.0	49202.0	68351.0	83939.0	74019.0	53652.0	0.0	52224.0	74000.0	79389.0	64463.0	76612.0	74650.0	57145.0	85116.0	86836.0
ZellerG_2014__CCMD34381688ST-21-0__bin.4	49350.0	48755.0	22720.0	45316.0	33239.0	18392.0	48717.0	40024.0	40901.0	49267.0	16279.0	15997.0	45037.0	46980.0	20506.0	51536.0	17552.0	20176.0	20541.0	40877.0	49711.0	37605.0	46414.0	36125.0	32632.0	45966.0	43160.0	29643.0	51741.0	26863.0	40467.0	49009.0	49758.0	32966.0	52224.0	0.0	37271.0	47929.0	48442.0	52826.0	48689.0	18915.0	19637.0	53194.0
CosteaPI_2017__SID713A066-11-0-0__bin.30	58977.0	66590.0	41203.0	68273.0	13041.0	55217.0	44594.0	44309.0	50622.0	73001.0	55586.0	40290.0	554.0	55235.0	67851.0	71241.0	47416.0	67820.0	65182.0	45018.0	44841.0	48871.0	58950.0	12881.0	29149.0	56328.0	49070.0	30654.0	60775.0	43749.0	58318.0	57389.0	66855.0	51524.0	74000.0	37271.0	0.0	60068.0	59577.0	64459.0	65164.0	42791.0	62955.0	74393.0
LiJ_2014__MH0389__bin.49	64271.0	70076.0	34952.0	67900.0	44506.0	61131.0	55741.0	57326.0	45798.0	72586.0	62601.0	47049.0	65831.0	60982.0	79395.0	72148.0	58006.0	77364.0	76473.0	46772.0	46061.0	49424.0	68871.0	47150.0	37561.0	59376.0	48918.0	37729.0	67519.0	44810.0	62344.0	69981.0	70516.0	52811.0	79389.0	47929.0	60068.0	0.0	63439.0	70424.0	66537.0	49525.0	74598.0	76059.0
ChengpingW_2017__AS38raw__bin.17	67238.0	61401.0	34886.0	66469.0	44816.0	62103.0	59036.0	59697.0	49488.0	63459.0	60226.0	48708.0	67297.0	66141.0	74294.0	64636.0	57278.0	72920.0	70973.0	53703.0	45536.0	52585.0	68759.0	52292.0	42649.0	64247.0	56489.0	44543.0	69779.0	41998.0	56916.0	70702.0	64709.0	45375.0	64463.0	48442.0	59577.0	63439.0	0.0	62135.0	61747.0	51385.0	70585.0	72129.0
LiJ_2017__H2M513938__bin.67	77367.0	72744.0	35365.0	71006.0	47250.0	66644.0	63138.0	63584.0	49078.0	70312.0	67078.0	51281.0	71066.0	72395.0	86299.0	74193.0	62677.0	83588.0	82675.0	55072.0	44182.0	54986.0	75947.0	51180.0	46228.0	68161.0	59272.0	42920.0	80308.0	46064.0	64578.0	78483.0	68978.0	50755.0	76612.0	52826.0	64459.0	70424.0	62135.0	0.0	64173.0	54746.0	78136.0	78754.0
XieH_2016__YSZC12003_37315__bin.53	75891.0	68114.0	30029.0	66362.0	46002.0	66226.0	59754.0	62373.0	49154.0	65159.0	65636.0	50413.0	71030.0	69969.0	81205.0	69043.0	59052.0	78715.0	77923.0	50597.0	39184.0	52670.0	73429.0	50855.0	46549.0	63323.0	54787.0	43181.0	78510.0	43631.0	59422.0	77107.0	68225.0	49373.0	74650.0	48689.0	65164.0	66537.0	61747.0	64173.0	0.0	51619.0	76316.0	74309.0
LeChatelierE_2013__MH0288__bin.38	51718.0	52981.0	29333.0	54751.0	34193.0	25265.0	43087.0	41666.0	44012.0	51694.0	25561.0	20520.0	48630.0	47844.0	28269.0	54857.0	24412.0	27311.0	26892.0	44073.0	38754.0	44123.0	51762.0	38458.0	37087.0	50140.0	44560.0	33243.0	51790.0	34266.0	45958.0	50492.0	53770.0	38256.0	57145.0	18915.0	42791.0	49525.0	51385.0	54746.0	51619.0	0.0	25917.0	57361.0
ZellerG_2014__CCIS48174381ST-4-0__bin.65	75235.0	74045.0	45513.0	74012.0	45238.0	27796.0	59984.0	61118.0	52861.0	77244.0	25474.0	21598.0	69888.0	70502.0	33107.0	82147.0	25228.0	31532.0	29401.0	56546.0	52879.0	54989.0	71634.0	50861.0	43577.0	70696.0	60912.0	41475.0	77686.0	49986.0	65665.0	74281.0	75378.0	60507.0	85116.0	19637.0	62955.0	74598.0	70585.0	78136.0	76316.0	25917.0	0.0	89998.0
Obregon-TitoAJ_2015__SM23__bin.16	84498.0	77762.0	44728.0	3719.0	53812.0	71809.0	65970.0	69453.0	56209.0	79677.0	72616.0	57133.0	81610.0	80853.0	90084.0	81672.0	65770.0	91717.0	86672.0	60036.0	52544.0	54361.0	78986.0	56827.0	47501.0	76001.0	65758.0	48595.0	88930.0	4353.0	12962.0	83478.0	78409.0	59611.0	86836.0	53194.0	74393.0	76059.0	72129.0	78754.0	74309.0	57361.0	89998.0	0.0
