	Bengtsson-PalmeJ_2015__TRAVELRES17__bin.41	LiuW_2016__SRR3992987__bin.37	BritoIL_2016__M2.46.ST__bin.22	LiJ_2014__MH0374__bin.24	ZeeviD_2015__PNP_Main_666__bin.22	BritoIL_2016__W1.41.ST__bin.20	LiJ_2014__O2.UC29-1__bin.21	BritoIL_2016__WL.43.ST__bin.50	Bengtsson-PalmeJ_2015__TRAVELRES1__bin.88	NielsenHB_2014__MH0117__bin.12	BritoIL_2016__W1.1.ST__bin.107	LiJ_2017__H2M614904__bin.51	CosteaPI_2017__SID713B063-11-0-0__bin.6	CM_madagascar__A94_03_1FE__bin.52	BritoIL_2016__W2.61.ST__bin.75	Bengtsson-PalmeJ_2015__TRAVELRES50__bin.135	LeChatelierE_2013__MH0453__bin.19	ZeeviD_2015__PNP_Validation_66__bin.52	Bengtsson-PalmeJ_2015__TRAVELRES16__bin.91	ZeeviD_2015__PNP_Validation_42__bin.79	CosteaPI_2017__SID713B040-11-90-0__bin.102	LeChatelierE_2013__MH0117__bin.8	XieH_2016__YSZC12003_35561__bin.73	LiJ_2014__MH0252__bin.98	Bengtsson-PalmeJ_2015__TRAVELRES49__bin.105	XieH_2016__YSZC12003_37101__bin.40	Bengtsson-PalmeJ_2015__TRAVELRES18__bin.102	LeChatelierE_2013__MH0437__bin.41	FerrettiP_2018__CA_C10002MS2016FE_t0M15__bin.18	CosteaPI_2017__SID713A028-11-0-0__bin.81	LiJ_2014__V1.CD6-0-PT__bin.11	BritoIL_2016__W1.2.ST__bin.59	Bengtsson-PalmeJ_2015__TRAVELRES63__bin.5	LeChatelierE_2013__MH0448__bin.59	LeChatelierE_2013__MH0415__bin.94	XieH_2016__YSZC12003_37394__bin.51	BritoIL_2016__W1.5.ST__bin.20	LiuW_2016__SRR3993044__bin.27	XieH_2016__YSZC12003_37228__bin.62	ZeeviD_2015__PNP_Main_474__bin.41	XieH_2016__YSZC12003_36058__bin.52	XieH_2016__YSZC12003_37182R1__bin.71	LiJ_2017__H2M513938__bin.8	LiuW_2016__SRR3993055__bin.107	LiJ_2017__H3M517925__bin.78	BritoIL_2016__M2.49.ST__bin.104
Bengtsson-PalmeJ_2015__TRAVELRES17__bin.41	0.0	7197.0	8352.0	8881.0	8594.0	2821.0	6888.0	3826.0	8041.0	5739.0	8902.0	8418.0	5729.0	6189.0	8527.0	8615.0	7112.0	29096.0	9470.0	5553.0	4496.0	6784.0	8536.0	8662.0	4903.0	8026.0	443.0	27394.0	6890.0	5614.0	9110.0	7088.0	8441.0	7606.0	9070.0	7414.0	5221.0	4834.0	8133.0	5307.0	9321.0	7686.0	4648.0	9110.0	7389.0	6339.0
LiuW_2016__SRR3992987__bin.37	7197.0	0.0	5637.0	9025.0	6268.0	4757.0	7027.0	2979.0	6186.0	4268.0	6738.0	5746.0	5681.0	4677.0	5839.0	8808.0	7821.0	26359.0	8264.0	5364.0	6933.0	5217.0	5547.0	7122.0	5363.0	8626.0	5180.0	23431.0	5359.0	7298.0	7397.0	5074.0	8600.0	8034.0	5871.0	8573.0	3936.0	3850.0	4928.0	5304.0	6920.0	5523.0	3266.0	7416.0	4082.0	4660.0
BritoIL_2016__M2.46.ST__bin.22	8352.0	5637.0	0.0	9975.0	6718.0	5128.0	7441.0	590.0	6672.0	4664.0	7433.0	5402.0	5750.0	5238.0	6275.0	9707.0	7941.0	29846.0	9110.0	6005.0	7445.0	5554.0	6385.0	7615.0	5633.0	9042.0	5400.0	26818.0	4260.0	7806.0	7885.0	5002.0	9544.0	8279.0	4660.0	9775.0	4160.0	3817.0	5784.0	5793.0	7807.0	2337.0	2479.0	7649.0	4741.0	4856.0
LiJ_2014__MH0374__bin.24	8881.0	9025.0	9975.0	0.0	10116.0	6017.0	6948.0	4921.0	9880.0	6926.0	10185.0	9908.0	6428.0	7207.0	10498.0	7924.0	7021.0	28892.0	9976.0	3524.0	8371.0	8087.0	9816.0	10027.0	4723.0	5964.0	6520.0	27523.0	8491.0	8636.0	10536.0	8313.0	8073.0	8324.0	10944.0	7761.0	6332.0	5951.0	9334.0	5116.0	11214.0	9135.0	5678.0	10726.0	8642.0	7816.0
ZeeviD_2015__PNP_Main_666__bin.22	8594.0	6268.0	6718.0	10116.0	0.0	5593.0	7474.0	3508.0	5369.0	4749.0	5708.0	6358.0	5785.0	4049.0	5925.0	9993.0	8267.0	27244.0	9325.0	6357.0	8127.0	5548.0	6391.0	6327.0	5637.0	9113.0	5602.0	24326.0	6352.0	7946.0	7240.0	5011.0	9819.0	8681.0	7626.0	9867.0	3518.0	3507.0	6600.0	5896.0	7015.0	6389.0	3700.0	6830.0	5836.0	4459.0
BritoIL_2016__W1.41.ST__bin.20	2821.0	4757.0	5128.0	6017.0	5593.0	0.0	5102.0	2798.0	5244.0	3949.0	5614.0	4974.0	4111.0	4185.0	5555.0	5423.0	5237.0	21343.0	5624.0	3826.0	2575.0	4538.0	5045.0	6008.0	3592.0	5620.0	2186.0	18169.0	4749.0	2683.0	5588.0	4638.0	5565.0	5234.0	5197.0	4705.0	3544.0	3389.0	5271.0	3545.0	5356.0	5372.0	3040.0	6344.0	4627.0	4424.0
LiJ_2014__O2.UC29-1__bin.21	6888.0	7027.0	7441.0	6948.0	7474.0	5102.0	0.0	3715.0	7421.0	5325.0	7824.0	7381.0	4958.0	5474.0	7762.0	6170.0	5265.0	21184.0	7783.0	4695.0	7188.0	6573.0	7401.0	8386.0	4249.0	6654.0	5504.0	20362.0	6781.0	6936.0	7974.0	6500.0	5582.0	6601.0	8112.0	6388.0	5351.0	4262.0	7406.0	1847.0	8254.0	7269.0	4800.0	8139.0	6991.0	6090.0
BritoIL_2016__WL.43.ST__bin.50	3826.0	2979.0	590.0	4921.0	3508.0	2798.0	3715.0	0.0	3201.0	2511.0	3473.0	2826.0	3298.0	2699.0	3158.0	4683.0	4060.0	17209.0	4452.0	3204.0	3682.0	2961.0	3095.0	3839.0	2871.0	4499.0	2762.0	14161.0	2140.0	3863.0	3931.0	2691.0	4841.0	4286.0	2398.0	4563.0	2282.0	1983.0	3050.0	3107.0	3921.0	1097.0	1326.0	4288.0	2414.0	2627.0
Bengtsson-PalmeJ_2015__TRAVELRES1__bin.88	8041.0	6186.0	6672.0	9880.0	5369.0	5244.0	7421.0	3201.0	0.0	4380.0	903.0	6154.0	5688.0	3887.0	6072.0	9825.0	8159.0	26359.0	8958.0	5653.0	7904.0	5087.0	6968.0	5923.0	5369.0	8582.0	5291.0	24399.0	5915.0	7221.0	8032.0	4598.0	9776.0	8245.0	7012.0	10084.0	3033.0	2919.0	6157.0	5636.0	7341.0	5959.0	3889.0	6494.0	5600.0	4253.0
NielsenHB_2014__MH0117__bin.12	5739.0	4268.0	4664.0	6926.0	4749.0	3949.0	5325.0	2511.0	4380.0	0.0	5013.0	2917.0	4195.0	3412.0	4762.0	6378.0	5378.0	17357.0	6022.0	4583.0	5641.0	742.0	4660.0	5298.0	4095.0	6270.0	4153.0	16142.0	4658.0	5441.0	5214.0	3997.0	6676.0	5926.0	4905.0	6157.0	3127.0	2640.0	4557.0	3749.0	5292.0	4614.0	2892.0	5422.0	3968.0	4058.0
BritoIL_2016__W1.1.ST__bin.107	8902.0	6738.0	7433.0	10185.0	5708.0	5614.0	7824.0	3473.0	903.0	5013.0	0.0	6418.0	6261.0	4174.0	5925.0	10344.0	8550.0	28895.0	9255.0	6924.0	8677.0	5881.0	6857.0	6455.0	6084.0	9495.0	5611.0	25713.0	6404.0	8016.0	8614.0	4985.0	10470.0	9090.0	7616.0	9915.0	3194.0	3220.0	6730.0	5904.0	7225.0	6555.0	4097.0	6829.0	6149.0	4527.0
LiJ_2017__H2M614904__bin.51	8418.0	5746.0	5402.0	9908.0	6358.0	4974.0	7381.0	2826.0	6154.0	2917.0	6418.0	0.0	5808.0	4808.0	5961.0	9731.0	8145.0	29187.0	9258.0	5727.0	7274.0	3270.0	6093.0	7200.0	5808.0	9066.0	5295.0	25874.0	5789.0	7564.0	7553.0	4994.0	9915.0	8200.0	6610.0	9262.0	3879.0	3619.0	5797.0	5447.0	6834.0	5488.0	3376.0	7352.0	4940.0	4798.0
CosteaPI_2017__SID713B063-11-0-0__bin.6	5729.0	5681.0	5750.0	6428.0	5785.0	4111.0	4958.0	3298.0	5688.0	4195.0	6261.0	5808.0	0.0	4927.0	6095.0	6006.0	5953.0	18398.0	5782.0	4063.0	5051.0	5000.0	5920.0	6724.0	3629.0	5919.0	4013.0	15870.0	5863.0	5529.0	6586.0	5378.0	6061.0	5520.0	6141.0	6244.0	3741.0	4101.0	5860.0	3924.0	6368.0	5463.0	3830.0	6840.0	5468.0	4995.0
CM_madagascar__A94_03_1FE__bin.52	6189.0	4677.0	5238.0	7207.0	4049.0	4185.0	5474.0	2699.0	3887.0	3412.0	4174.0	4808.0	4927.0	0.0	4454.0	7316.0	6508.0	20614.0	6755.0	4486.0	6115.0	3908.0	5274.0	5000.0	4385.0	6874.0	4618.0	17142.0	5129.0	5947.0	5474.0	3794.0	7559.0	6330.0	5492.0	7260.0	2769.0	1841.0	5272.0	4247.0	5112.0	4968.0	3233.0	3136.0	4908.0	3355.0
BritoIL_2016__W2.61.ST__bin.75	8527.0	5839.0	6275.0	10498.0	5925.0	5555.0	7762.0	3158.0	6072.0	4762.0	5925.0	5961.0	6095.0	4454.0	0.0	10131.0	8622.0	29487.0	9064.0	6452.0	8316.0	5511.0	6065.0	6889.0	5883.0	9224.0	5590.0	26639.0	6098.0	7692.0	7390.0	339.0	10384.0	8858.0	6730.0	10181.0	3637.0	3240.0	6483.0	5620.0	6656.0	6173.0	3584.0	7435.0	5721.0	597.0
Bengtsson-PalmeJ_2015__TRAVELRES50__bin.135	8615.0	8808.0	9707.0	7924.0	9993.0	5423.0	6170.0	4683.0	9825.0	6378.0	10344.0	9731.0	6006.0	7316.0	10131.0	0.0	6060.0	29218.0	9642.0	5260.0	7342.0	7923.0	9894.0	10385.0	622.0	7096.0	5759.0	27690.0	8753.0	8276.0	10593.0	8452.0	6506.0	7340.0	10888.0	6372.0	6423.0	5790.0	9376.0	3965.0	10857.0	8691.0	5707.0	10839.0	8624.0	7751.0
LeChatelierE_2013__MH0453__bin.19	7112.0	7821.0	7941.0	7021.0	8267.0	5237.0	5265.0	4060.0	8159.0	5378.0	8550.0	8145.0	5953.0	6508.0	8622.0	6060.0	0.0	21835.0	8219.0	4333.0	6492.0	6641.0	7882.0	8483.0	3902.0	6511.0	5546.0	20378.0	7331.0	7083.0	8170.0	7373.0	2690.0	6801.0	8489.0	5970.0	5256.0	5067.0	7732.0	3812.0	8604.0	7202.0	5254.0	8578.0	7604.0	6807.0
ZeeviD_2015__PNP_Validation_66__bin.52	29096.0	26359.0	29846.0	28892.0	27244.0	21343.0	21184.0	17209.0	26359.0	17357.0	28895.0	29187.0	18398.0	20614.0	29487.0	29218.0	21835.0	0.0	28830.0	19758.0	28421.0	22115.0	29835.0	27110.0	17800.0	27500.0	22148.0	23970.0	27642.0	26195.0	27977.0	25590.0	29156.0	24889.0	29980.0	29198.0	19016.0	15193.0	25849.0	17563.0	29799.0	25412.0	18443.0	26439.0	27951.0	24283.0
Bengtsson-PalmeJ_2015__TRAVELRES16__bin.91	9470.0	8264.0	9110.0	9976.0	9325.0	5624.0	7783.0	4452.0	8958.0	6022.0	9255.0	9258.0	5782.0	6755.0	9064.0	9642.0	8219.0	28830.0	0.0	6478.0	8396.0	7536.0	9124.0	9044.0	5294.0	9245.0	6209.0	26976.0	8195.0	8341.0	10356.0	7592.0	10192.0	8360.0	9714.0	10247.0	5634.0	5077.0	8716.0	5797.0	9967.0	8325.0	5114.0	9450.0	7555.0	6909.0
ZeeviD_2015__PNP_Validation_42__bin.79	5553.0	5364.0	6005.0	3524.0	6357.0	3826.0	4695.0	3204.0	5653.0	4583.0	6924.0	5727.0	4063.0	4486.0	6452.0	5260.0	4333.0	19758.0	6478.0	0.0	4949.0	5358.0	6045.0	6404.0	3043.0	2882.0	3874.0	17824.0	5150.0	5351.0	6570.0	5361.0	4950.0	5094.0	6585.0	4740.0	4196.0	3814.0	5938.0	3391.0	6659.0	5528.0	3832.0	6841.0	5325.0	5010.0
CosteaPI_2017__SID713B040-11-90-0__bin.102	4496.0	6933.0	7445.0	8371.0	8127.0	2575.0	7188.0	3682.0	7904.0	5641.0	8677.0	7274.0	5051.0	6115.0	8316.0	7342.0	6492.0	28421.0	8396.0	4949.0	0.0	6643.0	7531.0	8505.0	4603.0	7680.0	3116.0	26871.0	6712.0	5067.0	8982.0	6891.0	7410.0	7058.0	8195.0	6977.0	5227.0	4737.0	7536.0	4811.0	8781.0	7466.0	4341.0	9239.0	6887.0	6138.0
LeChatelierE_2013__MH0117__bin.8	6784.0	5217.0	5554.0	8087.0	5548.0	4538.0	6573.0	2961.0	5087.0	742.0	5881.0	3270.0	5000.0	3908.0	5511.0	7923.0	6641.0	22115.0	7536.0	5358.0	6643.0	0.0	5420.0	6275.0	4913.0	7593.0	4725.0	20083.0	5096.0	6399.0	6149.0	4722.0	7855.0	7149.0	5633.0	7522.0	3634.0	3100.0	5201.0	4821.0	6064.0	5350.0	3239.0	6312.0	4713.0	4589.0
XieH_2016__YSZC12003_35561__bin.73	8536.0	5547.0	6385.0	9816.0	6391.0	5045.0	7401.0	3095.0	6968.0	4660.0	6857.0	6093.0	5920.0	5274.0	6065.0	9894.0	7882.0	29835.0	9124.0	6045.0	7531.0	5420.0	0.0	7322.0	5790.0	9021.0	5494.0	27372.0	5617.0	7818.0	7617.0	4856.0	9924.0	8418.0	6569.0	9622.0	4053.0	3652.0	5659.0	5295.0	7231.0	5693.0	3489.0	7631.0	5075.0	4632.0
LiJ_2014__MH0252__bin.98	8662.0	7122.0	7615.0	10027.0	6327.0	6008.0	8386.0	3839.0	5923.0	5298.0	6455.0	7200.0	6724.0	5000.0	6889.0	10385.0	8483.0	27110.0	9044.0	6404.0	8505.0	6275.0	7322.0	0.0	6207.0	9481.0	6197.0	24547.0	7285.0	8262.0	7615.0	5673.0	10185.0	9136.0	8265.0	9950.0	3573.0	3825.0	7271.0	6064.0	7269.0	7332.0	4607.0	7510.0	7117.0	5368.0
Bengtsson-PalmeJ_2015__TRAVELRES49__bin.105	4903.0	5363.0	5633.0	4723.0	5637.0	3592.0	4249.0	2871.0	5369.0	4095.0	6084.0	5808.0	3629.0	4385.0	5883.0	622.0	3902.0	17800.0	5294.0	3043.0	4603.0	4913.0	5790.0	6207.0	0.0	4383.0	3680.0	16012.0	5166.0	5320.0	6084.0	5098.0	4207.0	4595.0	5768.0	3867.0	3948.0	3449.0	5667.0	2882.0	6070.0	5157.0	3422.0	6483.0	5143.0	4686.0
XieH_2016__YSZC12003_37101__bin.40	8026.0	8626.0	9042.0	5964.0	9113.0	5620.0	6654.0	4499.0	8582.0	6270.0	9495.0	9066.0	5919.0	6874.0	9224.0	7096.0	6511.0	27500.0	9245.0	2882.0	7680.0	7593.0	9021.0	9481.0	4383.0	0.0	5665.0	25315.0	8171.0	7874.0	9582.0	7807.0	7688.0	7375.0	9555.0	6513.0	6044.0	5565.0	8634.0	4578.0	9435.0	8077.0	5500.0	10006.0	8180.0	7155.0
Bengtsson-PalmeJ_2015__TRAVELRES18__bin.102	443.0	5180.0	5400.0	6520.0	5602.0	2186.0	5504.0	2762.0	5291.0	4153.0	5611.0	5295.0	4013.0	4618.0	5590.0	5759.0	5546.0	22148.0	6209.0	3874.0	3116.0	4725.0	5494.0	6197.0	3680.0	5665.0	0.0	19941.0	4881.0	4081.0	6209.0	4956.0	5798.0	5664.0	5919.0	5382.0	3671.0	3387.0	5620.0	4033.0	5981.0	5372.0	3522.0	6390.0	5214.0	4477.0
LeChatelierE_2013__MH0437__bin.41	27394.0	23431.0	26818.0	27523.0	24326.0	18169.0	20362.0	14161.0	24399.0	16142.0	25713.0	25874.0	15870.0	17142.0	26639.0	27690.0	20378.0	23970.0	26976.0	17824.0	26871.0	20083.0	27372.0	24547.0	16012.0	25315.0	19941.0	0.0	25020.0	24362.0	24913.0	21849.0	28328.0	23679.0	27782.0	27528.0	16157.0	12995.0	22419.0	15940.0	27631.0	22729.0	15766.0	24229.0	24692.0	19999.0
FerrettiP_2018__CA_C10002MS2016FE_t0M15__bin.18	6890.0	5359.0	4260.0	8491.0	6352.0	4749.0	6781.0	2140.0	5915.0	4658.0	6404.0	5789.0	5863.0	5129.0	6098.0	8753.0	7331.0	27642.0	8195.0	5150.0	6712.0	5096.0	5617.0	7285.0	5166.0	8171.0	4881.0	25020.0	0.0	6937.0	7055.0	5218.0	8318.0	7575.0	4406.0	7955.0	4133.0	3886.0	5382.0	5124.0	7029.0	4605.0	2507.0	7624.0	5038.0	5065.0
CosteaPI_2017__SID713A028-11-0-0__bin.81	5614.0	7298.0	7806.0	8636.0	7946.0	2683.0	6936.0	3863.0	7221.0	5441.0	8016.0	7564.0	5529.0	5947.0	7692.0	8276.0	7083.0	26195.0	8341.0	5351.0	5067.0	6399.0	7818.0	8262.0	5320.0	7874.0	4081.0	24362.0	6937.0	0.0	8058.0	6551.0	8181.0	7471.0	7841.0	7833.0	5556.0	4726.0	7217.0	5127.0	7772.0	7380.0	4817.0	8422.0	7053.0	5903.0
LiJ_2014__V1.CD6-0-PT__bin.11	9110.0	7397.0	7885.0	10536.0	7240.0	5588.0	7974.0	3931.0	8032.0	5214.0	8614.0	7553.0	6586.0	5474.0	7390.0	10593.0	8170.0	27977.0	10356.0	6570.0	8982.0	6149.0	7617.0	7615.0	6084.0	9582.0	6209.0	24913.0	7055.0	8058.0	0.0	5651.0	10781.0	9038.0	8833.0	10642.0	4276.0	4429.0	7564.0	5994.0	3552.0	7337.0	4845.0	8218.0	6696.0	5219.0
BritoIL_2016__W1.2.ST__bin.59	7088.0	5074.0	5002.0	8313.0	5011.0	4638.0	6500.0	2691.0	4598.0	3997.0	4985.0	4994.0	5378.0	3794.0	339.0	8452.0	7373.0	25590.0	7592.0	5361.0	6891.0	4722.0	4856.0	5673.0	5098.0	7807.0	4956.0	21849.0	5218.0	6551.0	5651.0	0.0	8436.0	7662.0	5750.0	8101.0	3148.0	2827.0	5632.0	4846.0	5430.0	5162.0	3334.0	6042.0	4987.0	720.0
Bengtsson-PalmeJ_2015__TRAVELRES63__bin.5	8441.0	8600.0	9544.0	8073.0	9819.0	5565.0	5582.0	4841.0	9776.0	6676.0	10470.0	9915.0	6061.0	7559.0	10384.0	6506.0	2690.0	29156.0	10192.0	4950.0	7410.0	7855.0	9924.0	10185.0	4207.0	7688.0	5798.0	28328.0	8318.0	8181.0	10781.0	8436.0	0.0	7510.0	10266.0	6812.0	6309.0	5669.0	9017.0	4128.0	10864.0	8654.0	5627.0	10848.0	8682.0	7927.0
LeChatelierE_2013__MH0448__bin.59	7606.0	8034.0	8279.0	8324.0	8681.0	5234.0	6601.0	4286.0	8245.0	5926.0	9090.0	8200.0	5520.0	6330.0	8858.0	7340.0	6801.0	24889.0	8360.0	5094.0	7058.0	7149.0	8418.0	9136.0	4595.0	7375.0	5664.0	23679.0	7575.0	7471.0	9038.0	7662.0	7510.0	0.0	9020.0	7324.0	5601.0	5168.0	8192.0	4574.0	9142.0	7858.0	5386.0	9364.0	7909.0	7157.0
LeChatelierE_2013__MH0415__bin.94	9070.0	5871.0	4660.0	10944.0	7626.0	5197.0	8112.0	2398.0	7012.0	4905.0	7616.0	6610.0	6141.0	5492.0	6730.0	10888.0	8489.0	29980.0	9714.0	6585.0	8195.0	5633.0	6569.0	8265.0	5768.0	9555.0	5919.0	27782.0	4406.0	7841.0	8833.0	5750.0	10266.0	9020.0	0.0	10346.0	4791.0	4162.0	6123.0	6081.0	8747.0	4552.0	2603.0	8208.0	5546.0	5194.0
XieH_2016__YSZC12003_37394__bin.51	7414.0	8573.0	9775.0	7761.0	9867.0	4705.0	6388.0	4563.0	10084.0	6157.0	9915.0	9262.0	6244.0	7260.0	10181.0	6372.0	5970.0	29198.0	10247.0	4740.0	6977.0	7522.0	9622.0	9950.0	3867.0	6513.0	5382.0	27528.0	7955.0	7833.0	10642.0	8101.0	6812.0	7324.0	10346.0	0.0	6192.0	5439.0	8745.0	4182.0	10675.0	8614.0	5498.0	10359.0	8161.0	7235.0
BritoIL_2016__W1.5.ST__bin.20	5221.0	3936.0	4160.0	6332.0	3518.0	3544.0	5351.0	2282.0	3033.0	3127.0	3194.0	3879.0	3741.0	2769.0	3637.0	6423.0	5256.0	19016.0	5634.0	4196.0	5227.0	3634.0	4053.0	3573.0	3948.0	6044.0	3671.0	16157.0	4133.0	5556.0	4276.0	3148.0	6309.0	5601.0	4791.0	6192.0	0.0	2314.0	4357.0	3945.0	4258.0	4003.0	2855.0	4764.0	3968.0	2818.0
LiuW_2016__SRR3993044__bin.27	4834.0	3850.0	3817.0	5951.0	3507.0	3389.0	4262.0	1983.0	2919.0	2640.0	3220.0	3619.0	4101.0	1841.0	3240.0	5790.0	5067.0	15193.0	5077.0	3814.0	4737.0	3100.0	3652.0	3825.0	3449.0	5565.0	3387.0	12995.0	3886.0	4726.0	4429.0	2827.0	5669.0	5168.0	4162.0	5439.0	2314.0	0.0	3949.0	3352.0	4075.0	3855.0	2664.0	2136.0	3807.0	2609.0
XieH_2016__YSZC12003_37228__bin.62	8133.0	4928.0	5784.0	9334.0	6600.0	5271.0	7406.0	3050.0	6157.0	4557.0	6730.0	5797.0	5860.0	5272.0	6483.0	9376.0	7732.0	25849.0	8716.0	5938.0	7536.0	5201.0	5659.0	7271.0	5667.0	8634.0	5620.0	22419.0	5382.0	7217.0	7564.0	5632.0	9017.0	8192.0	6123.0	8745.0	4357.0	3949.0	0.0	5187.0	7192.0	5332.0	3648.0	7779.0	3640.0	5177.0
ZeeviD_2015__PNP_Main_474__bin.41	5307.0	5304.0	5793.0	5116.0	5896.0	3545.0	1847.0	3107.0	5636.0	3749.0	5904.0	5447.0	3924.0	4247.0	5620.0	3965.0	3812.0	17563.0	5797.0	3391.0	4811.0	4821.0	5295.0	6064.0	2882.0	4578.0	4033.0	15940.0	5124.0	5127.0	5994.0	4846.0	4128.0	4574.0	6081.0	4182.0	3945.0	3352.0	5187.0	0.0	6140.0	5688.0	3650.0	6069.0	5283.0	4515.0
XieH_2016__YSZC12003_36058__bin.52	9321.0	6920.0	7807.0	11214.0	7015.0	5356.0	8254.0	3921.0	7341.0	5292.0	7225.0	6834.0	6368.0	5112.0	6656.0	10857.0	8604.0	29799.0	9967.0	6659.0	8781.0	6064.0	7231.0	7269.0	6070.0	9435.0	5981.0	27631.0	7029.0	7772.0	3552.0	5430.0	10864.0	9142.0	8747.0	10675.0	4258.0	4075.0	7192.0	6140.0	0.0	7306.0	4411.0	8231.0	6666.0	4684.0
XieH_2016__YSZC12003_37182R1__bin.71	7686.0	5523.0	2337.0	9135.0	6389.0	5372.0	7269.0	1097.0	5959.0	4614.0	6555.0	5488.0	5463.0	4968.0	6173.0	8691.0	7202.0	25412.0	8325.0	5528.0	7466.0	5350.0	5693.0	7332.0	5157.0	8077.0	5372.0	22729.0	4605.0	7380.0	7337.0	5162.0	8654.0	7858.0	4552.0	8614.0	4003.0	3855.0	5332.0	5688.0	7306.0	0.0	2794.0	7557.0	4772.0	5099.0
LiJ_2017__H2M513938__bin.8	4648.0	3266.0	2479.0	5678.0	3700.0	3040.0	4800.0	1326.0	3889.0	2892.0	4097.0	3376.0	3830.0	3233.0	3584.0	5707.0	5254.0	18443.0	5114.0	3832.0	4341.0	3239.0	3489.0	4607.0	3422.0	5500.0	3522.0	15766.0	2507.0	4817.0	4845.0	3334.0	5627.0	5386.0	2603.0	5498.0	2855.0	2664.0	3648.0	3650.0	4411.0	2794.0	0.0	4760.0	3337.0	3012.0
LiuW_2016__SRR3993055__bin.107	9110.0	7416.0	7649.0	10726.0	6830.0	6344.0	8139.0	4288.0	6494.0	5422.0	6829.0	7352.0	6840.0	3136.0	7435.0	10839.0	8578.0	26439.0	9450.0	6841.0	9239.0	6312.0	7631.0	7510.0	6483.0	10006.0	6390.0	24229.0	7624.0	8422.0	8218.0	6042.0	10848.0	9364.0	8208.0	10359.0	4764.0	2136.0	7779.0	6069.0	8231.0	7557.0	4760.0	0.0	7454.0	5336.0
LiJ_2017__H3M517925__bin.78	7389.0	4082.0	4741.0	8642.0	5836.0	4627.0	6991.0	2414.0	5600.0	3968.0	6149.0	4940.0	5468.0	4908.0	5721.0	8624.0	7604.0	27951.0	7555.0	5325.0	6887.0	4713.0	5075.0	7117.0	5143.0	8180.0	5214.0	24692.0	5038.0	7053.0	6696.0	4987.0	8682.0	7909.0	5546.0	8161.0	3968.0	3807.0	3640.0	5283.0	6666.0	4772.0	3337.0	7454.0	0.0	4481.0
BritoIL_2016__M2.49.ST__bin.104	6339.0	4660.0	4856.0	7816.0	4459.0	4424.0	6090.0	2627.0	4253.0	4058.0	4527.0	4798.0	4995.0	3355.0	597.0	7751.0	6807.0	24283.0	6909.0	5010.0	6138.0	4589.0	4632.0	5368.0	4686.0	7155.0	4477.0	19999.0	5065.0	5903.0	5219.0	720.0	7927.0	7157.0	5194.0	7235.0	2818.0	2609.0	5177.0	4515.0	4684.0	5099.0	3012.0	5336.0	4481.0	0.0
