	WenC_2017__RA017__bin.25	WenC_2017__RA007__bin.39	BritoIL_2016__WL.8.ST__bin.39	WenC_2017__N035__bin.74	ChengpingW_2017__AS18raw__bin.2	QinJ_2012__T2D-003__bin.38	ChengpingW_2017__AS101raw__bin.22	WenC_2017__RA047__bin.66	BritoIL_2016__W3.21.ST__bin.63	CosteaPI_2017__SID713A029-11-0-0__bin.63	BritoIL_2016__W2.53.ST__bin.27	HeQ_2017__SZAXPI029588-107__bin.7	QinJ_2012__CON-010__bin.9	QinJ_2012__CON-077__bin.4	QinN_2014__HD-30__bin.8	BritoIL_2016__WL.2.ST__bin.81	BritoIL_2016__W1.27.ST__bin.48	BritoIL_2016__WL.30.ST__bin.45	Bengtsson-PalmeJ_2015__TRAVELRES58__bin.1	BritoIL_2016__WL.13.ST__bin.14	BritoIL_2016__WL.36.ST__bin.40	QinJ_2012__CON-029__bin.31	BritoIL_2016__M2.33.ST__bin.49	HeQ_2017__SZAXPI029593-133__bin.43	QinJ_2012__CON-017__bin.41	QinN_2014__HD-77__bin.19
WenC_2017__RA017__bin.25	1.0	0.6172476835958907	0.7515869179070163	0.6301406534432694	0.6674101940677378	0.7661199522546753	0.844116317815053	0.6306815676591564	0.5564483745803388	0.5168565246694675	0.6329381326412991	0.5540095364672238	0.4435618610598454	0.8987025932388085	0.7586617136666267	0.6906494277489781	0.6921930410244458	0.5435656403731443	0.6695998337102148	0.6237953438860159	0.2809970615839102	0.6073017907646181	0.6879905233719034	0.7493917667659785	0.5661797126462121	0.8695955819827538
WenC_2017__RA007__bin.39	0.863027331343691	1.0	0.809468267921367	0.6781205036268221	0.7575384947339798	0.8238984952183633	0.8983845807494955	0.7343078984247626	0.5697633455933754	0.4904725051768496	0.6054431504308262	0.49548422395695146	0.3702754711456002	0.9255827189551405	0.8158538746833618	0.6960795754157718	0.6902510097746405	0.47130412573717123	0.7147123807343035	0.7007136951752092	0.22874739506214972	0.5633210439346918	0.7488949999504608	0.8054985242813785	0.6594733869751457	0.9253542880607153
BritoIL_2016__WL.8.ST__bin.39	0.8456026107685344	0.6513611483412955	1.0	0.6769094212495227	0.7025772835144743	0.8013855534285382	0.8833233084971338	0.6665144486089101	0.6039098632872191	0.49358691001476707	0.6472906809772311	0.5039212021299307	0.37507917258338697	0.9006239021032667	0.7907195115793502	0.7291194768541445	0.7323869238339816	0.4900674395387217	0.7468328752027482	0.6803522659525558	0.21221662859000603	0.5757408117725533	0.7593029446443014	0.7834834696504358	0.6164330835539831	0.8816517150442524
WenC_2017__N035__bin.74	0.8731194620270427	0.6720134493239336	0.8336420743029327	1.0	0.7544778350166808	0.8570480217667839	0.9223085533249111	0.6941784326431937	0.6926778206160418	0.5197043287011278	0.6722463687479954	0.5300487876189416	0.36459581115962236	0.9323191792508613	0.8178919210234054	0.7792212963629659	0.7840766026711004	0.5091307687104664	0.761991804727337	0.6974387591013128	0.1458533796772075	0.6337966629792304	0.7742236201024191	0.8598997846449915	0.6635683473957754	0.9186478454680534
ChengpingW_2017__AS18raw__bin.2	0.7712809734060339	0.6261226402433061	0.7216502771768677	0.629259959373173	1.0	0.7540516502089347	0.8032346779311709	0.6392465156695352	0.5077648193516541	0.4058997613799473	0.5251997788954325	0.41651869493711485	0.30160209821865236	0.8461544410854142	0.7243781434040548	0.6066335919710835	0.6019963103743992	0.4050676620921679	0.6588588547602312	0.6022788328772483	0.1657137787725967	0.4947492214708003	0.674660097222317	0.6942337657610933	0.5957776306780312	0.8323126582364865
QinJ_2012__T2D-003__bin.38	0.8434309593691003	0.648726134525603	0.7841644895263225	0.6809602359112872	0.7183466619974447	1.0	0.8681394074826594	0.6749202967267482	0.5675852551978322	0.4943258550657303	0.613729939825979	0.5072482737458546	0.37899838253063745	0.9078324176919597	0.7821027795162154	0.6927930731397802	0.6892872559710277	0.4852347410922166	0.7176540799927881	0.6548761587096305	0.22067751682913594	0.5831774518183095	0.7336870500167294	0.7638447056049734	0.6264252540189693	0.8913140334970451
ChengpingW_2017__AS101raw__bin.22	0.8524717453196445	0.6488957148144894	0.7928851520347703	0.6722298048660827	0.701940604640419	0.7963691041078669	1.0	0.6631122112460526	0.6133990021655925	0.5264469056120532	0.6453656440103099	0.5294788146054841	0.41302703074489305	0.9127783474147867	0.7970322596548172	0.7141167447968332	0.7050102832843057	0.5185586147205423	0.7120926891076701	0.6471587084687905	0.2484837473218336	0.60687439444317	0.7227898492672886	0.7754979928412598	0.5924881333721896	0.8957382714302015
WenC_2017__RA047__bin.66	0.8461291443649734	0.7045951258982737	0.7947837541209938	0.6721426632314929	0.7421216528974508	0.8224816912209761	0.8809187294082352	1.0	0.5487700662422347	0.4497579427830189	0.5690869219385281	0.46516816189682436	0.3499414266956945	0.9013100561226268	0.7972978111858638	0.6622728765988822	0.6564477641265183	0.44333125237013254	0.7239628722362538	0.6762042386157052	0.1996208844199236	0.5455704532802634	0.7310730058932455	0.7688044602330045	0.6551093984537493	0.8943705191950369
BritoIL_2016__W3.21.ST__bin.63	0.7525191622437913	0.5510894674607877	0.7259015185515861	0.6760639790278778	0.5942039170463977	0.6972219072215718	0.8214063439178875	0.5531674069625615	1.0	0.6679774243026817	0.9022143924595766	0.6793685576821205	0.5168591010076649	0.8186299015654024	0.6958499241070264	0.8906161572440655	0.8614014884712423	0.6746573902080761	0.6268216576345775	0.5738488412146496	0.2829889533264867	0.7547051780250578	0.6537369103919868	0.7686688462937024	0.46045659299910613	0.8040869870303141
CosteaPI_2017__SID713A029-11-0-0__bin.63	0.8071485044061828	0.5478138767400027	0.6851094752295924	0.5857382799964096	0.5485073571633208	0.701203385266492	0.8140673241615218	0.5235230035079781	0.7713518810656482	1.0	0.9183371470658033	0.8694271040183748	0.7476653440535898	0.8789212690691748	0.6884619120632395	0.9087513786612139	0.8856095434710171	0.8337552825625331	0.5669190164873742	0.5253747437872639	0.47455640000049176	0.8999008962373769	0.6231450320857653	0.7949947681574446	0.40733490800933003	0.8457307304045673
BritoIL_2016__W2.53.ST__bin.27	0.796415384264823	0.5448621861777011	0.7239200926519439	0.6104789229706876	0.5718513249366683	0.7014600210626639	0.8040934484811798	0.5337408816795444	0.8394511818769944	0.7399409928380999	1.0	0.7588448822977523	0.6037043935369524	0.8514289620545112	0.6793070720420381	0.936829841217632	0.917460314315181	0.7583688423163382	0.6014752781193002	0.5474499414981043	0.38967265687771274	0.8234936876404962	0.6383042276907652	0.7715013042801988	0.4305075745341892	0.8359336377479395
HeQ_2017__SZAXPI029588-107__bin.7	0.7927220698163054	0.5070706331010629	0.6408837164761749	0.5473730164542059	0.5157252863009301	0.6592824591743042	0.7501957492831914	0.49612050269542535	0.718813900170682	0.7966240994124705	0.8629355069483955	1.0	0.6928888087740743	0.8210091086788754	0.639538538668229	0.8437920720132039	0.822908580859945	0.8467342259876185	0.5334458070221887	0.4900480501118165	0.44276572613126186	0.8467866135655662	0.5713642739250688	0.7301560924499924	0.3522219656044569	0.7865769505923177
QinJ_2012__CON-010__bin.9	0.8523588481201687	0.5088949476273835	0.6406253546101973	0.5056427465855293	0.5015137600104094	0.6615350630998114	0.7859031950095092	0.5012300718525365	0.7344255201327812	0.9200090175009116	0.9219645745358485	0.9305251483878192	1.0	0.8780670472374825	0.6521884839250942	0.9031276808530919	0.8810446381425159	0.9272661388301761	0.5079379729081591	0.46523950089040256	0.5833498502883028	0.9092107114596398	0.5656567872580898	0.7645229424287036	0.3306071531779883	0.8333880536268964
QinJ_2012__CON-077__bin.4	0.860703339643606	0.6339976525936653	0.7666442080783806	0.6444154464313655	0.7012410789321978	0.7897514184917255	0.8656157002498597	0.643406129573361	0.5797388595285053	0.5390189379814945	0.6480485346807984	0.5495177938754034	0.4376197314847665	1.0	0.7669416869730259	0.7184729869180922	0.7105926239561375	0.5369316842923226	0.6902878984906998	0.6318730726553554	0.2747660605612737	0.6280548612915108	0.7101013501922303	0.7680644907097227	0.5834058807317001	0.8964143801825517
QinN_2014__HD-30__bin.8	0.8576357040911827	0.6596324081454275	0.7944929312510931	0.6672897187943229	0.708598519895167	0.8030928307616856	0.8921808293090842	0.6718135222783415	0.5816712305235017	0.4983691610558597	0.6102986956403708	0.5052632328483763	0.3836714948756188	0.9052729346600784	1.0	0.6982941277782005	0.694424083990987	0.4855872466569915	0.7315860281450447	0.6794040773421308	0.22187064280733046	0.5751705716458767	0.7424792045226464	0.7783945993841576	0.6315803761721724	0.8825827112825394
BritoIL_2016__WL.2.ST__bin.81	0.7765901548488938	0.5597937354833312	0.7286950524581005	0.6323519581981912	0.5902566620083478	0.7075953911416394	0.7951073043827005	0.5550660656446695	0.7405120137261785	0.6543285402965241	0.8371755979639148	0.6630800414866308	0.5284636268221781	0.8435429016117901	0.6945730511309888	1.0	0.8981860001655569	0.6673893922243996	0.6270421829440015	0.5621097625054172	0.336917745184793	0.7281142750397183	0.6583541423108301	0.7730076612155334	0.4684248758654668	0.824114303370324
BritoIL_2016__W1.27.ST__bin.48	0.8150062344428632	0.5812670056596689	0.7664559162313372	0.6662788487834724	0.6133491241650714	0.737192971071258	0.8219614623360851	0.5761125815228728	0.7499747377594015	0.6677171741518609	0.8585045680620385	0.6771448569322833	0.5398378581328191	0.8736086067758427	0.7232755623745579	0.9405150715917993	1.0	0.6815381691596712	0.6533037911901991	0.5971381821384371	0.3426486879858346	0.747194037184164	0.6843786647631144	0.8066803561744161	0.49336553303327657	0.8532569749278057
BritoIL_2016__WL.30.ST__bin.45	0.8358779735058766	0.5183547054856469	0.6698223433532828	0.5650463302091367	0.5390123002376747	0.6777819616693648	0.789607092220908	0.5081509203687045	0.7671521057149673	0.8210054496869548	0.9268148571470083	0.9099851196061599	0.7420394736045545	0.8621293371383877	0.660546615346057	0.9127166223322142	0.8901175539005641	1.0	0.5750818179506707	0.5029869757203794	0.4791559462852895	0.8734028397457863	0.5950335323439707	0.7590768586265724	0.3626614716455246	0.8394225099555768
Bengtsson-PalmeJ_2015__TRAVELRES58__bin.1	0.8463171659261906	0.6460766376596411	0.8389848851320791	0.6950754399940688	0.7205936281405135	0.8239108184479309	0.8912030045632701	0.6820364593880909	0.5858266454964639	0.4588337911862363	0.6041672990029073	0.47119905380936766	0.33408749277892746	0.9109836431822378	0.8179533403027154	0.7048234525508983	0.7012926528416816	0.4726683959093277	1.0	0.7078686180272801	0.17314552159156668	0.5496857060828175	0.7875917468054373	0.7863647242458364	0.6552947317144531	0.890091419649179
BritoIL_2016__WL.13.ST__bin.14	0.7554907330767557	0.6069634472420461	0.7323753952603091	0.6096167929846779	0.6311968615663942	0.7204327170641838	0.7761043449072926	0.6104335371458868	0.5139156422002602	0.4074485351052184	0.5269301481105698	0.4147839752220896	0.29322116649947166	0.7990599575083247	0.7278811568110646	0.6054439121330134	0.6142259382306833	0.3961438041873753	0.6783000659879695	1.0	0.1588574545426805	0.47043605460599847	0.7036086455683166	0.6799354614771388	0.6074917324321335	0.7874510334936624
BritoIL_2016__WL.36.ST__bin.40	0.8261777935195025	0.4810196470612747	0.5545798001263968	0.3094938804045623	0.4216096839385795	0.5893551217321452	0.72342252872286	0.4374729439108463	0.6152456287777245	0.8934620913807113	0.9105279728131156	0.9097918156921844	0.8925499973377966	0.8435237850513805	0.5770545844300454	0.8809705699198792	0.8556321807149985	0.9161313322823417	0.40277748840784033	0.38564910306894185	1.0	0.8811731288761103	0.4767971609336695	0.7061124190632285	0.2471902179071377	0.7962175876733038
QinJ_2012__CON-029__bin.31	0.7928271946171581	0.5259747201318985	0.6680575699297644	0.5971559377470143	0.5589066976129365	0.6915473717427526	0.7845038746223798	0.5308823695687703	0.7285487563073754	0.7522898766432069	0.8543894398937575	0.772581406129705	0.6176895347677848	0.8561188608127096	0.6642261188299761	0.8453553356104471	0.8284640583675705	0.7414770128352327	0.5677676028324471	0.5070929385148463	0.3912582269555305	1.0	0.5942038445052725	0.7518715263822776	0.4098414072192659	0.8168962111034476
BritoIL_2016__M2.33.ST__bin.49	0.748702747536163	0.5828849215393606	0.7344376830419799	0.6080750966941483	0.6353195405292859	0.7252455268781457	0.7788634389014654	0.5930088888355746	0.5260624360584776	0.43424283812105746	0.5520473282939845	0.43454658712926764	0.3203403873935165	0.8068816072906616	0.7147539761559171	0.6371655976186764	0.6325425291453386	0.42109251963443867	0.678125872903532	0.6322242138941394	0.17647731693231494	0.4953229507438209	1.0	0.6919089661223462	0.570978303152649	0.7898206809804282
HeQ_2017__SZAXPI029593-133__bin.43	0.862545555715155	0.663090479778768	0.8015227605256755	0.714306816807006	0.691447284056961	0.7985928761124702	0.8838449907178035	0.659572443499132	0.6542138271875693	0.5859410860328431	0.7057183495679258	0.5873339819014161	0.45792607139474917	0.9230671983897869	0.7925346400152612	0.7912663525929658	0.7885711851803855	0.5681565154584707	0.7161093346226154	0.6461804339364533	0.27642367415480357	0.6628920125079693	0.7318045613941283	1.0	0.587049874643903	0.894649675814135
QinJ_2012__CON-017__bin.41	0.7710914043064253	0.6423677833061681	0.7461916659517885	0.6522304194904349	0.7021274770524149	0.7749399502444884	0.799012395985245	0.6650263789997427	0.4637111821223299	0.35523826885133397	0.4659657287466758	0.33524652569271685	0.2343125375310972	0.8296308012353092	0.7608963498327185	0.5673581324526036	0.570672128334906	0.3211900574761946	0.7061068456721284	0.6831324526035858	0.11450147979754653	0.4275564038774985	0.7145690357724972	0.6946298361499528	1.0	0.8204313931543279
QinN_2014__HD-77__bin.19	0.8514601732217479	0.6480223355756025	0.767285458940494	0.649172187536499	0.7052023188231499	0.7927294509736351	0.8684612529184769	0.6527366129747861	0.5821801085247472	0.5302683206340799	0.6504897182111032	0.5382505983431801	0.4246449933256162	0.9164701741969827	0.7644476412616069	0.7176294315845793	0.709566590999238	0.5344865003216733	0.6895469089874634	0.6366248086631688	0.265159408491173	0.6126887686484749	0.7106381928937376	0.76107402263547	0.5898447603485713	1.0
