	ZellerG_2014__CCMD72895164ST-21-0__bin.5	RampelliS_2015__H14__bin.32	LeChatelierE_2013__MH0189__bin.65	NielsenHB_2014__MH0096__bin.53	CosteaPI_2017__SID713A056-11-90-0__bin.38	XieH_2016__YSZC12003_37315__bin.45	LeChatelierE_2013__MH0096__bin.48	BritoIL_2016__M1.27.ST__bin.20	LiuW_2016__SRR3992998__bin.96	BritoIL_2016__M1.29.ST__bin.46	LiuW_2016__SRR3993048__bin.88	XieH_2016__YSZC12003_36244__bin.60	RampelliS_2015__H17__bin.38	ZeeviD_2015__PNP_Validation_57__bin.29	RampelliS_2015__H21__bin.15	BritoIL_2016__W2.35.ST__bin.80	BritoIL_2016__M2.38.ST__bin.58	XieH_2016__YSZC12003_35520__bin.11	LiuW_2016__SRR3993043__bin.1	BritoIL_2016__M2.39.ST__bin.80	VogtmannE_2016__MMRS65742083ST-27-0-0__bin.63	CosteaPI_2017__SID713A084-11-90-0__bin.49	LiuW_2016__SRR3992961__bin.125	CosteaPI_2017__SID713A056-11-0-0__bin.33	CosteaPI_2017__SID713A087-11-0-0__bin.64	CosteaPI_2017__SID713A084-11-0-0__bin.5	LiuW_2016__SRR3992980__bin.94	LiuW_2016__SRR3992981__bin.61
ZellerG_2014__CCMD72895164ST-21-0__bin.5	1.0	0.7813582724489966	0.8039952895257514	0.6476632113761038	0.8925609475458351	0.9140364161827418	0.731145568310233	0.9012034593188069	0.8517113394639778	0.9050525750121168	0.7635654330383717	0.8735769906703298	0.8828764490429277	0.8986431674339614	0.7702506039151961	0.9132322672628468	0.6779200376426544	0.8417407927841294	0.5073774717455111	0.89550949358545	0.8507130634666983	0.9233262324819597	0.8696275974138673	0.6379697136047084	0.8951887339443408	0.9218625657428703	0.7546715845526272	0.9017376301840607
RampelliS_2015__H14__bin.32	0.8457889203317902	1.0	0.8241812224415571	0.6364842645944504	0.9038974431053186	0.9196366756124696	0.7293568693539331	0.9230496258975085	0.8541970938780509	0.9265377237117591	0.7746534342072944	0.882897883553337	0.9200833859250069	0.90523757404293	0.8514493383886282	0.9355985674654339	0.7112017829447115	0.8447298968182676	0.5606332710119102	0.9060711549688172	0.8684118056768391	0.8915976016805215	0.8616513112895943	0.6564519372406802	0.9102940286242505	0.8917465051180338	0.7778186759701162	0.8772256367187528
LeChatelierE_2013__MH0189__bin.65	0.8253903205647249	0.7816580515350507	1.0	0.69323598333594	0.8656963342631473	0.8948914348236092	0.7839070265290622	0.8749337614832676	0.8262581028760879	0.8824758786213414	0.7372665319129419	0.919150404822098	0.8598713042537172	0.8713728844094164	0.7615169230748926	0.8821069886501993	0.6658048235498302	0.9166387854479175	0.5088596284571887	0.8653696785641931	0.8848231802802904	0.8753970186563298	0.8355041089327465	0.6238239569949523	0.8710402895159359	0.876737956798299	0.7297950251986826	0.8614135150990823
NielsenHB_2014__MH0096__bin.53	0.8734751908314224	0.7930073991876933	0.9107025977347303	1.0	0.9075279257567154	0.9306045487449123	0.9699732554258541	0.9127034559884873	0.8500812740300215	0.9250605762437094	0.7618207116570799	0.9517748080849238	0.8939770525485369	0.9171837139847682	0.7732233497037291	0.9266080337753196	0.6924807434731536	0.926354025340159	0.5022154216930139	0.9117429053190059	0.9128265590526266	0.9164979779021329	0.8777647257705863	0.6796234086544922	0.8985604743802584	0.9170094624644021	0.7730170220328477	0.8982327774912116
CosteaPI_2017__SID713A056-11-90-0__bin.38	0.8242458239840439	0.7711276133490046	0.7787150811458964	0.621408982441144	1.0	0.9169664375348744	0.7025489427882846	0.9036037800809678	0.8057573814866261	0.9076195225035913	0.7170038346926904	0.8622674549750092	0.8588067338628296	0.9040727285678669	0.7487463048046444	0.901634790041671	0.6543475679975306	0.8159810521067066	0.49158207785732094	0.9013397680189004	0.8313684985337939	0.8844689009984448	0.8223652811910104	0.656713086630813	0.8945079602521637	0.8850708171575785	0.7113610191022308	0.8659199107217057
XieH_2016__YSZC12003_37315__bin.45	0.7598638823249019	0.7062798385312629	0.7246641678984163	0.5736356436786401	0.8254805960705853	1.0	0.6471232636606635	0.8334300563986315	0.7387061125770978	0.8536740336510766	0.6637142084579778	0.8105152400281727	0.7973438029371749	0.8445462619474361	0.6917125967631439	0.8560669943494492	0.6122153215748011	0.7549978036917218	0.4533864294867479	0.8476232310633873	0.7671581908404861	0.8397785095242829	0.760539875018837	0.5786374552321835	0.827962798492189	0.8381091014801302	0.6530052016702631	0.8063748515755172
LeChatelierE_2013__MH0096__bin.48	0.8592671718587225	0.7918677727406305	0.8973937861528223	0.8452453349308502	0.8940917308103445	0.9148272181222478	1.0	0.8935772719477897	0.8401913998493641	0.907244049161417	0.759015683818569	0.9402547817855879	0.8839883933245751	0.8993163967331484	0.7722775418687171	0.9083205599971595	0.6808413555424444	0.9154036235732453	0.5142322286947174	0.8941748298924017	0.8998625843361252	0.9003551352588649	0.8641609523456982	0.6620843818297059	0.8837088782303825	0.9006127424132426	0.7607955150669967	0.8835759196990907
BritoIL_2016__M1.27.ST__bin.20	0.7990267961612135	0.7560521754890097	0.7556275814038049	0.6000215431629808	0.8675562815132876	0.8888640654912154	0.6741340132917897	1.0	0.7795313735134219	0.9055862333489302	0.6953346513797598	0.8424339898678743	0.8484096529328053	0.8713536914323753	0.7431581934974982	0.9052995611007987	0.6436823534708713	0.7876528040022409	0.4810998639589153	0.8787478976893532	0.8044957959486315	0.8559338020776045	0.7956642389763692	0.6083105315860954	0.8783523697764242	0.856842262442459	0.6921898055245106	0.826542202657332
LiuW_2016__SRR3992998__bin.96	0.8902428126736404	0.8248260320664038	0.8412516150445897	0.658832706576213	0.9120139160909169	0.9287855200628347	0.747256859782215	0.9189907743412331	1.0	0.9204904226092133	0.8117497979304585	0.8881512333464799	0.9011837949298181	0.9157153328957119	0.8020397097723719	0.9262619184075778	0.7023487098792017	0.8691194068057962	0.5499912990837498	0.9071131838029923	0.8779069962757391	0.94265995408335	0.9068921334982588	0.6541664623015166	0.9090851675245524	0.9428480820022723	0.8094976379867894	0.9265515010256331
BritoIL_2016__M1.29.ST__bin.46	0.7445772568696187	0.7041858389155624	0.707184827265992	0.5642931594403088	0.8085761230605863	0.8448035427301636	0.6350906491955721	0.8402862867807068	0.7245013276248022	1.0	0.6493637395814108	0.7880739577709017	0.7927345263359405	0.8133033240594383	0.6901623557421029	0.8530701951537067	0.5976659610327182	0.7374264332980252	0.44615068131663577	0.8283358126592105	0.7500278957212987	0.8129701618903727	0.7459781244662134	0.5662101639845349	0.8182008079447015	0.8149511547242131	0.6423361331294875	0.7872310046002822
LiuW_2016__SRR3993048__bin.88	0.8992117377122151	0.8427744894614487	0.8457351096549829	0.6652228186527399	0.9143623008810702	0.9402092494589356	0.7605750764378992	0.9235726987063657	0.9145803163798526	0.9295393589890136	1.0	0.8944979095493061	0.9118316556990236	0.9242153902288179	0.8265921376646755	0.928033689450548	0.7150037812063069	0.8696691236306847	0.577059773339581	0.9136174145935639	0.8828938832269625	0.9437951502149496	0.9261888846917542	0.6666747413147698	0.9175235256134145	0.9462531235640689	0.8341825592142964	0.9348474307857566
XieH_2016__YSZC12003_36244__bin.60	0.7759853642827288	0.724521107362853	0.7953038030481941	0.6268811396125921	0.8294218343523672	0.8660465291560938	0.710679071700854	0.8440141560823419	0.7547849294137263	0.850909479184986	0.6747081649852797	1.0	0.81724253311194	0.8427505464412229	0.70637092224661	0.8472768155895056	0.615072413454445	0.8334473417947025	0.46359970582391	0.8387992682141364	0.8390573574856166	0.8346304412869747	0.7759299778682739	0.5864079454952003	0.8292630980305277	0.8351529007635331	0.6674257079754153	0.8025839760822048
RampelliS_2015__H17__bin.38	0.8028608906394127	0.7729577968651905	0.7616719451273903	0.6027891082499477	0.8457011818374187	0.8721951966591962	0.6840101804730856	0.8701767553658505	0.7840390571020726	0.876258383867434	0.7041080804290109	0.8366407010824645	1.0	0.8535873073771019	0.7526617354269474	0.880565911782483	0.6443679467080058	0.791302055384673	0.48535300217568444	0.8584010531201373	0.8070427409181833	0.8590475622630391	0.8104097324761534	0.6085457285386439	0.8547791990067375	0.8589861848127638	0.7039841564341688	0.8365524344634968
ZeeviD_2015__PNP_Validation_57__bin.29	0.8129961635735466	0.7565750487476803	0.767890674930753	0.6152564974130146	0.8856981022570191	0.9190779782608317	0.6922920801665999	0.8891134929741116	0.792584653480029	0.894371205807967	0.7100005873564829	0.8583174039541303	0.8491976768597248	1.0	0.7375586556863959	0.9029721982659609	0.6537905719398291	0.8012734586399266	0.4887038554428465	0.8967119086236145	0.8204643140228743	0.8894438083031271	0.8199537209614735	0.6218540808772431	0.8897485358249654	0.8879509923707627	0.7021840938049011	0.8483689808318248
RampelliS_2015__H21__bin.15	0.8506701272812334	0.8687126982357823	0.8192243007838208	0.6331881077343458	0.8954574464384469	0.9189301816751656	0.7257351735359534	0.9257035111844062	0.8474399994888588	0.9264979096458715	0.775183815568932	0.8782327012458355	0.9140892494957805	0.9003771795376019	1.0	0.9294667875420715	0.709877020870885	0.8398580731542304	0.5616042163461504	0.8972719973477457	0.8610619098361296	0.8879543210235885	0.8606828135193981	0.6527129878824064	0.9012929740106047	0.8874971337052832	0.7781264264918754	0.872815315491196
BritoIL_2016__W2.35.ST__bin.80	0.7731930877893421	0.731786655811007	0.727481762709503	0.5817031702734887	0.8266439684692432	0.8718507883777682	0.6543671535023653	0.8644911083004435	0.7502819133535499	0.8779211774617349	0.667198020728795	0.8075691014256762	0.8198383188820992	0.8450450734825116	0.712543620377002	1.0	0.6232608993797906	0.760926047270012	0.46149760210379204	0.8592397917977365	0.7769466715720315	0.8307425967811808	0.7699124435901176	0.5823497205901241	0.8497929732824511	0.8307284466900761	0.6618432997141682	0.8028832443328885
BritoIL_2016__M2.38.ST__bin.58	0.8536283909297309	0.8273160308062146	0.8166415074486124	0.6465419902627756	0.8922365263281437	0.9273042943345218	0.7294775651273002	0.9141626836858996	0.8461105737515834	0.9147721708020867	0.7645097190126794	0.871895197354842	0.8922446204465524	0.909971549173793	0.8093648949990488	0.9269441060653276	1.0	0.8363895375425447	0.5347897350390339	0.9582642972484045	0.8550683345946668	0.8987085834078667	0.8537417085874549	0.6567073935724606	0.9030648379355142	0.8964195667218416	0.7593659067638501	0.8717632632247776
XieH_2016__YSZC12003_35520__bin.11	0.8035316634113804	0.7449561472138003	0.8523480707903566	0.655692578254197	0.8435014239192664	0.8669578935935599	0.7435546252984524	0.8480490066314568	0.7937578275673961	0.8556720831438762	0.7049575462812113	0.8956749794588676	0.8306662076743757	0.8454815952068442	0.7259411029437483	0.8579467949390577	0.634078214004542	1.0	0.4835950141655575	0.8432117924201228	0.8631804115835418	0.850814005646587	0.8060757570458078	0.5954535218147132	0.8399147796131333	0.8515577204282864	0.6926592528366398	0.8325169038638192
LiuW_2016__SRR3993043__bin.1	0.8880785514737403	0.9065406680745686	0.8675855907956072	0.651791812041724	0.9317456370605979	0.9545889762858168	0.765870118239005	0.9497667060834188	0.9210007279535279	0.9492176468536544	0.8576800222323983	0.9135051693701459	0.9341950262884609	0.9455069965672547	0.8900643906961463	0.9540759209399714	0.7433834424888586	0.8867014029138393	1.0	0.9298318056060297	0.904267922902183	0.9329652686283534	0.9106687383901538	0.6860956375669025	0.9367794300810199	0.9349983629484031	0.8653319726865535	0.9245021056646485
BritoIL_2016__M2.39.ST__bin.80	0.7941893257764012	0.742342591943339	0.7475662015413724	0.5995492976374327	0.8656124814796445	0.9042414250540575	0.6747640311466915	0.8789813419711302	0.7696606506509417	0.8929442220196551	0.688022296826214	0.8374512798499104	0.8371508496132888	0.8790337889953601	0.7205246298636777	0.9000393922758075	0.6749145313031775	0.7833681364945208	0.4711270580468842	1.0	0.8008780315947714	0.8764712958006465	0.7900876264358084	0.6114279785491671	0.8729590554062905	0.8730628093020498	0.6800309665473496	0.8448845053818057
VogtmannE_2016__MMRS65742083ST-27-0-0__bin.63	0.824160248797642	0.7772173797159426	0.83498598520491	0.6557155516585782	0.8721742330784037	0.8940075463802223	0.7417889990241643	0.8790505435598264	0.8136938341751759	0.8832222881636166	0.7263088934321333	0.9150985519394347	0.8597748291664669	0.8785915831518561	0.7553249059816179	0.8890231242562132	0.6578683686604148	0.876002847173657	0.5005016181935145	0.8748650986453506	1.0	0.866535309748456	0.8187716675084055	0.6171298720951449	0.8641390008612514	0.866798729358458	0.7140035234708118	0.8417526932008471
CosteaPI_2017__SID713A084-11-90-0__bin.49	0.8155133542680687	0.7275000326454697	0.7531389328735337	0.6002139271818671	0.8459400674597339	0.8922126077371466	0.6766520168938885	0.8526633309620422	0.7965534332530727	0.8727996243783877	0.7078446211904866	0.8298847416210434	0.8343585903288789	0.8683467823205762	0.7101292363174321	0.866633888722665	0.6303828831002637	0.7872014997612622	0.4707834401739124	0.8728904639460595	0.7900118488861082	1.0	0.8140587856907241	0.5904867127261124	0.8449788712843068	0.9878195494698092	0.7012945206140527	0.8702328388443618
LiuW_2016__SRR3992961__bin.125	0.868942243894794	0.7953849582730911	0.813205524536116	0.6503308799679365	0.8898227192469181	0.9141285714193957	0.7347301608507626	0.8967036609076059	0.866956257559048	0.9060407512577807	0.7858532515387862	0.872826221699534	0.8904752943171373	0.905619403574647	0.778702544593165	0.9086407747658983	0.6774756906151869	0.8437403855973599	0.5198736727708556	0.8901824062934955	0.8444848093241158	0.9209529908299072	1.0	0.6452939767192559	0.88895240505386	0.9242589001669334	0.8085520733710191	0.9092284777080742
CosteaPI_2017__SID713A056-11-0-0__bin.33	0.8679429427459788	0.8250538049100861	0.8266987790811057	0.6855799342884853	0.9674931765491923	0.9469463035305291	0.7664434014322906	0.9334218348676806	0.8514582201921672	0.9363383627041242	0.7701749829249757	0.8981287872228971	0.9104245537537505	0.9351437668946544	0.8040521809244212	0.9357681749531912	0.7095330669542091	0.8486221482960394	0.5332803373552558	0.9379562267213417	0.8666407808423913	0.9095474091000916	0.8785998567534454	1.0	0.9301030273296585	0.9079933851224723	0.7768825596882508	0.8981777604039588
CosteaPI_2017__SID713A087-11-0-0__bin.64	0.8131233246394125	0.7638564107594422	0.7706801752330105	0.6051844728558743	0.8798469776509598	0.9046494668331883	0.6830093694659458	0.8998540892665402	0.7900059029912576	0.9033701934557956	0.7076904123394121	0.8479725764892792	0.8537984960509515	0.8933216791587041	0.7412738199710281	0.9116921849884189	0.6514339130642948	0.7991943672267793	0.48613731256835	0.8940912283651866	0.8102086132291231	0.8689839556580843	0.80809556423196	0.6209859221540839	1.0	0.8691176633730193	0.6983688242654396	0.8453498033212062
CosteaPI_2017__SID713A084-11-0-0__bin.5	0.8191550187149754	0.7320311388860805	0.758863838486306	0.6041884075106656	0.8516459068380916	0.895835296792151	0.6809475095345561	0.858741204418482	0.8015407225642687	0.8802287265305982	0.7139890229086379	0.8354367332157828	0.8393550830307465	0.8721429889240931	0.7140649909152545	0.8718711034267284	0.6325878758488568	0.7926644607385347	0.47466866810948766	0.8747653131224165	0.7950411740883981	0.9938060371146552	0.8219321348666304	0.5930502411270224	0.8502305029253394	1.0	0.7066469721037483	0.875137727711244
LiuW_2016__SRR3992980__bin.94	0.8936159038389522	0.8508626910113899	0.8417592990083697	0.6787043041689882	0.912145416792257	0.9301162433132694	0.7665429031600035	0.924441846374932	0.9170487655617767	0.9245263343776355	0.8387611166421576	0.889699770740663	0.9166750393516193	0.9190574487972257	0.8342840136520433	0.9256383791699777	0.7140910765446081	0.8591874233138174	0.5854036699761607	0.9079621189286616	0.8726994145209759	0.9401939113835025	0.9581715882831124	0.6761719475474123	0.9104077040880015	0.9416629370160968	1.0	0.9322398606785224
LiuW_2016__SRR3992981__bin.61	0.838541977997805	0.7536056628992112	0.7802799170793174	0.6193443336338051	0.8719738613350038	0.9020057097632648	0.6991399489755661	0.8669042945166666	0.8243243566354478	0.8898377929899984	0.7381925299654976	0.8402001525472764	0.855455477953571	0.8720234750652152	0.734916230504195	0.8818410160891947	0.6438027071164021	0.8109854362780379	0.49117054928974657	0.8859069509433782	0.8079799201876474	0.9162293086834788	0.8461747216251307	0.613925677436632	0.8654445748880404	0.9158431584459306	0.7321151468925068	1.0
