	BackhedF_2015__SID1_4M__bin.2	BackhedF_2015__SID238_4M__bin.5	VatanenT_2016__G78865__bin.3	VatanenT_2016__G80320__bin.2	VatanenT_2016__G69181__bin.2	BackhedF_2015__SID172_4M__bin.16	LiJ_2014__V1.CD7-0-PN__bin.1	VatanenT_2016__G80583__bin.1	VatanenT_2016__G80606__bin.6	FengQ_2015__SID31750__bin.46	BackhedF_2015__SID133_4M__bin.16	BackhedF_2015__SID626_4M__bin.19	KarlssonFH_2013__S457__bin.44	VatanenT_2016__G78867__bin.2	VatanenT_2016__G80328__bin.12	VatanenT_2016__G78658__bin.1	BackhedF_2015__SID184_4M__bin.10	VatanenT_2016__G78780__bin.7	VatanenT_2016__G78546__bin.4	BackhedF_2015__SID567_12M__bin.10	VatanenT_2016__G69158__bin.1	VatanenT_2016__G80589__bin.10	XieH_2016__YSZC12003_37134__bin.34	GeversD_2014__SKBSTL023__bin.20	BackhedF_2015__SID39_4M__bin.6	BackhedF_2015__SID26_4M__bin.10	BackhedF_2015__SID42_4M__bin.4	BackhedF_2015__SID608_4M__bin.1
BackhedF_2015__SID1_4M__bin.2	1.0	0.8812799007221547	0.8946905597356973	0.8800745405677315	0.8503435790087899	0.8575706034573976	0.42761521205606706	0.8510650829421336	0.8385974812766819	0.7984819310691511	0.8514472369001834	0.8729437394723604	0.5855711540878318	0.8834368790212201	0.848297206201167	0.7544708759989165	0.8354549840786306	0.9287046590251855	0.8460662626198983	0.8658423875171258	0.8604891502176669	0.6438441537806703	0.8709706470832168	0.7599354036535424	0.566124448641898	0.8833769534453612	0.8309571415705774	0.6965793454004039
BackhedF_2015__SID238_4M__bin.5	0.882256933791101	1.0	0.8280947736672775	0.8987122286004205	0.8455538205484642	0.8580852949293036	0.42189914142859836	0.8520459847346039	0.8261050957215411	0.796045326536524	0.7664987461669389	0.8568079792804729	0.578988397544784	0.8865266510230352	0.8717549034899924	0.7557303513303658	0.8416971911739751	0.8445226435566007	0.8403331442156559	0.8559087847160921	0.8529252962319874	0.6138427283681658	0.8630725166306429	0.7647140694981754	0.5612547586521337	0.8744915676941298	0.8214977091621516	0.6853223542236948
VatanenT_2016__G78865__bin.3	0.9632674233922285	0.8905798138024501	1.0	0.8917452075440534	0.87309337749614	0.8816780637578401	0.4522948044306345	0.8861619355342967	0.8498879953752929	0.8270490799988792	0.8426323962500939	0.8953685829608448	0.6011662048350015	0.8892872258688653	0.8611485524932274	0.7813576081298104	0.8594736446260639	0.9416289262450652	0.8798225032701812	0.89934035986002	0.8944472545963188	0.6759047746856276	0.8904397158518619	0.7784988725801766	0.5809017736400545	0.9110153119686417	0.8664862844106375	0.7143992673614543
VatanenT_2016__G80320__bin.2	0.8981395054639948	0.9161440771106298	0.845261538235733	1.0	0.8502595270886314	0.8697265923270282	0.43243262133018073	0.8483738364264695	0.8297888103339762	0.8024260270042365	0.7837082057946896	0.8449421310331356	0.5909693729030165	0.9096825462834666	0.9108518422352074	0.7607772847661984	0.8386497392497985	0.8750188272024507	0.8307760371910198	0.8634590122629302	0.8457955143906224	0.6342085113981893	0.8739526221968437	0.7892094182490544	0.5577957548196765	0.8689242302513567	0.8180741842448378	0.6822066075355637
VatanenT_2016__G69181__bin.2	0.8704983918602714	0.8646365253665419	0.8301569579429834	0.8529050803193494	1.0	0.8633773563409782	0.4300935087242676	0.8570254235060075	0.8283901951676935	0.8045641371694987	0.7594359679949522	0.8765625246479182	0.589619217050663	0.8462008465738298	0.8298537337761925	0.7638963429062197	0.8335362422988949	0.8510492783089556	0.8497995740839739	0.880352300910549	0.861155932589587	0.6283327052678627	0.8757439946716677	0.7402921818994452	0.5688138326307765	0.8603079565670817	0.8346292514920207	0.6899650328200724
BackhedF_2015__SID172_4M__bin.16	0.8908588885473938	0.8904064075857437	0.8506972902366561	0.8853142181470478	0.8761251550956756	1.0	0.4373071975776617	0.8776786019192023	0.8475117815797563	0.8225001138316885	0.7800063888035151	0.8823314721852269	0.614621395804164	0.8720268585868934	0.8585655499778028	0.7810885012919896	0.8713570302450796	0.8686435673712848	0.8706057411012077	0.8975529032772143	0.8799979225716855	0.6470659170849982	0.9040928895035799	0.7653306383681089	0.5792702535031703	0.8841022663889174	0.8586292245785382	0.7091461627337818
LiJ_2014__V1.CD7-0-PN__bin.1	0.9382372475889655	0.9246703892817536	0.921737176963464	0.9297231179806517	0.9218258345079207	0.9236493248502589	1.0	0.9348855416074364	0.9062626787801924	0.8952691432675866	0.8402623962781863	0.9338321697656736	0.6531889667939929	0.9205673481777119	0.8894778521432585	0.8410227474221692	0.9141794969661088	0.9233420287851511	0.9126708160401032	0.9216327413814347	0.9320267114662756	0.7263847857643031	0.9407444528927904	0.8070173197772442	0.6256194758085117	0.928853071908782	0.9091417949696611	0.7839257861219386
VatanenT_2016__G80583__bin.1	0.8650210533716371	0.8650589905101466	0.8365713319137651	0.8449418656858234	0.8509108741760854	0.8587374102647455	0.43307471110346957	1.0	0.8332492219406135	0.8027411496832424	0.7522885839841235	0.986955193106996	0.5817214690095344	0.839727771447187	0.8193478710304354	0.7631720181235108	0.8335297479372986	0.8476270493885856	0.8899032916210434	0.8580552378658585	0.900721988991965	0.631498823252612	0.8653743212210608	0.7332169927752374	0.5638576013843922	0.8940753327156656	0.8850737894746367	0.7298183124307821
VatanenT_2016__G80606__bin.6	0.9026070021557626	0.8881764032267516	0.8496358349737744	0.8751618480513549	0.8709767421632003	0.8781159320402199	0.444569553290164	0.8823810174948853	1.0	0.8212781029583962	0.7849109886395845	0.8997281063308066	0.5906642100285532	0.8749687176695502	0.8486038405671841	0.7738362143791467	0.8600936240068435	0.8709373052340913	0.8717455779961102	0.8765458262644789	0.8871982199570765	0.6397528668251762	0.886885304510221	0.7569210889162694	0.585945047034988	0.8912292638231043	0.8511908294028474	0.7195698942168877
FengQ_2015__SID31750__bin.46	0.9072056734056775	0.9034356972004912	0.8727662210132016	0.8933493573532821	0.8929513505774406	0.8995754594391022	0.46359074476677503	0.8973302032285626	0.8669334570020403	1.0	0.7945215125969338	0.9028493861436061	0.6753404650337624	0.8810477187947903	0.8605237193363597	0.8844204663409988	0.8794253451337349	0.8808998765906654	0.8771929278514481	0.8923413069562092	0.8919421330050719	0.6661322300673693	0.9851103447524577	0.770054405931118	0.5893663327507832	0.9060377199930902	0.8702871406850852	0.722922311256083
BackhedF_2015__SID133_4M__bin.16	0.9691278725328177	0.8714722802531882	0.8908149106669576	0.874084453244364	0.8443858937981353	0.8546385363724237	0.43589184933428954	0.8424495650275949	0.830039209878083	0.7959546786816749	1.0	0.86448465903776	0.5959215490630165	0.8736027096130461	0.8466079168095787	0.7533480402856163	0.8334418165944312	0.9178362071653519	0.8377322970908297	0.856243568956378	0.854859140656668	0.6561773097190609	0.8642048112001497	0.764499859686321	0.5328509401016495	0.873721196719778	0.8303646596613763	0.6724856568239219
BackhedF_2015__SID626_4M__bin.19	0.8656354755811995	0.8486938970656148	0.8246632194024742	0.8210156118418551	0.8490986585823025	0.8422509901716296	0.4220443580591006	0.9629025203874845	0.8289244209737094	0.7879949499888622	0.7531521821807138	1.0	0.5709687518676076	0.8327034402012399	0.7950049304842469	0.7516998625440755	0.8248486219092791	0.8413110741664358	0.8674871236940329	0.8359680184071413	0.880334566633525	0.6159516106248539	0.8523112833384947	0.7150590978979566	0.5618867455544146	0.8887520441814852	0.8735147425553763	0.7211987732194568
KarlssonFH_2013__S457__bin.44	0.8911813003982086	0.8801871752926113	0.8497808314697972	0.8813065998625212	0.8765657221565287	0.9004405258793972	0.45307041795498637	0.8710389542031318	0.8351834933863792	0.9046248181847081	0.7968051581082976	0.8762942043721138	1.0	0.8746098560434595	0.8511285185916722	0.8622409441522835	0.8456710632396709	0.871080124846066	0.8468723079480708	0.8809647271819528	0.8634500060713669	0.6658486389975625	0.9917319968335085	0.7754454116360745	0.49299812439058327	0.868748511472799	0.8485967846249016	0.6521742529222037
VatanenT_2016__G78867__bin.2	0.9236601975499057	0.925864186856476	0.8635843038440566	0.9319706263647387	0.8642444981717557	0.8776624824524	0.43866476055245807	0.8637962534329926	0.8499318145283566	0.8107658934444922	0.8024672793871507	0.8779671599864953	0.6008480847741072	1.0	0.8975886079960131	0.767875817590169	0.8491824724850409	0.9018497971978975	0.8420810871868238	0.8709631569318436	0.8568319909262663	0.6386592469989621	0.892100116106844	0.7908311753499764	0.5751094565676984	0.8928616309306054	0.8319884201055666	0.7110063774628848
VatanenT_2016__G80328__bin.12	0.9020457833369686	0.9259632018987118	0.8505201394029676	0.9490824507161134	0.8620025685626719	0.8788504316561695	0.4310782974660659	0.8572055392688955	0.8383790017270617	0.8053834947090304	0.7909326897482889	0.8525141072496899	0.5946881657862645	0.9128957212348473	1.0	0.7637446687031161	0.8527012693156532	0.8770068488935772	0.840255720186157	0.8726609748521911	0.8559376437169803	0.6398750602177562	0.8836037655259854	0.7975896875886426	0.5643868457839196	0.8758856971404623	0.8250060172240078	0.6963091567766323
VatanenT_2016__G78658__bin.1	0.8731812793790283	0.8736703271269713	0.8399196915432389	0.8627701899637414	0.863620277013448	0.8702081544154393	0.4436190167445352	0.8690013874847371	0.8320814530028681	0.9009071954617637	0.7660096755362384	0.8773191623095576	0.6556984961187284	0.8499947092484318	0.8312460294593802	1.0	0.8509058281888865	0.8475292586487935	0.843432592060068	0.8577631970565192	0.857517087938632	0.6413167670060014	0.9813305824067253	0.7454221128051643	0.5651287554923748	0.8706219030773944	0.845878623421741	0.6943800329017374
BackhedF_2015__SID184_4M__bin.10	0.8807776700368013	0.8863758286047239	0.8415923651037647	0.8663622402453702	0.8584088623250824	0.8843014738532384	0.4392534633348953	0.8645705551371867	0.8424493992457811	0.816021412135228	0.7719606876200804	0.8769376227880108	0.5858120777554514	0.8562637499106505	0.8453948674701752	0.7751090426127195	1.0	0.8517377865414593	0.8499118056272558	0.859087919284279	0.86229439664291	0.6368713127495922	0.8780423087503403	0.7533839130287241	0.5660226756649235	0.8728918007031001	0.841103559615858	0.7031903763802256
VatanenT_2016__G78780__bin.7	0.9725262864228591	0.8833927038457318	0.9158608556955888	0.8978768617084222	0.8705724025012354	0.8756414274454567	0.44068351512639214	0.8733023463962805	0.8473551494566288	0.8119132126702674	0.8444337186260849	0.8884470266095124	0.5993706032412212	0.9032775821869815	0.8636666807711975	0.7668607115425026	0.8460312360374109	1.0	0.8624083892793135	0.881791959126504	0.8776305248821853	0.6566829299078927	0.8888461370200187	0.7753517586317936	0.5793268696332559	0.8944706175130939	0.8453273243250803	0.7055336138461549
VatanenT_2016__G78546__bin.4	0.9103304812254963	0.9031606041413593	0.8792568381873695	0.8758995966667809	0.8931773056073524	0.9017314184677022	0.4475580231329857	0.9420492658244825	0.871443661751285	0.830709475180472	0.791911450175802	0.9412585897596027	0.598723422912584	0.8665864937348318	0.8502088880684918	0.7841211171302217	0.8674118033272503	0.8861024865030565	1.0	0.9030699674629062	0.9854126529540004	0.6574626225022872	0.89667197591275	0.7598809638289649	0.6052142617918872	0.9593984524708259	0.914446344375902	0.7473369949077662
BackhedF_2015__SID567_12M__bin.10	0.8877328687719387	0.8765763032962373	0.856433255461721	0.8674827386933439	0.8817113357614672	0.885858753955899	0.43066723121830097	0.8655552582999272	0.8349739737483489	0.8052556667572477	0.7712895300248079	0.8643394359679779	0.5934929806711283	0.8540957027368817	0.8414115476087658	0.759886850932388	0.8354834043587037	0.8633479597146065	0.8605381918478463	1.0	0.8753882170209509	0.631749780042538	0.8814125587460212	0.7538554874208205	0.596648571522864	0.8732542961045235	0.8428239799626301	0.7127920799865743
VatanenT_2016__G69158__bin.1	0.9155352773409776	0.9064825839397124	0.8839147916645413	0.8818012699347253	0.8950307282231844	0.9013060770034554	0.45195845969771653	0.9428802626727507	0.877011325066273	0.8352677224681095	0.7990995763483766	0.944558036774768	0.6036434476818664	0.8719441193744472	0.8564288077274523	0.7883344967843573	0.8702459423734693	0.8916977689429987	0.9744355319400096	0.9084204950034758	1.0	0.6645748837399097	0.8986941415990335	0.7644784071748251	0.59979057881567	0.9619722753750125	0.9162315262680037	0.7511644225906727
VatanenT_2016__G80589__bin.10	0.8973751857787722	0.8546124203788217	0.8749934374871733	0.8661657838694867	0.85547914934561	0.8681660377790739	0.46142435642033297	0.8659681925741946	0.8284387328575233	0.8171712562892737	0.8035097750418331	0.8657472148695563	0.6097929873226571	0.8513846186153908	0.8387025029185284	0.7723318731941159	0.8419799411426122	0.8740279128727387	0.8516666873485254	0.8588057467566869	0.8705777015836894	1.0	0.8644170531787858	0.7611775104833159	0.5255565726787557	0.8686896069842318	0.8468066096674643	0.6712811075039828
XieH_2016__YSZC12003_37134__bin.34	0.884678474038622	0.8756852078579777	0.8400641382380767	0.8698522455339751	0.8689315626913017	0.8840075268518003	0.4355059407869108	0.8648126634759865	0.8369591379598197	0.8806962685736547	0.7712146613612333	0.8730344621292225	0.6618961823139852	0.8666801157549112	0.8440320830318883	0.8612621041794201	0.8459684039178585	0.8621539178585342	0.846488048861929	0.873208024931827	0.8579543241137515	0.6299585397072737	1.0	0.7519397990984473	0.5653917858534142	0.8680856614168846	0.837493043575046	0.6990174049752351
GeversD_2014__SKBSTL023__bin.20	0.9111654806462155	0.9158797271797129	0.8669709590588915	0.9272321846480287	0.8670621071803368	0.8833455959034257	0.4410054048372555	0.8649464032622816	0.8431911532126019	0.8126458575231688	0.805331426065735	0.8645970021300741	0.6109215157193557	0.9069172391480361	0.8993310056347605	0.7722553329862587	0.8568280617967841	0.8877601211366746	0.8467816501587292	0.8815870940829267	0.8615016611950422	0.6548068727325879	0.8876090287551794	1.0	0.5313426364635186	0.8764827992819828	0.8326541019118113	0.6679621743507543
BackhedF_2015__SID39_4M__bin.6	0.9441956917298987	0.9350372767365066	0.8998679579978502	0.9115929679638233	0.9267161176910012	0.9300200233243745	0.47555509612452157	0.9252426386012685	0.9079498194702558	0.865156674232049	0.7807868606785542	0.9450398010689005	0.5402676706123163	0.917410925904562	0.8852102677505685	0.8143958907066874	0.8954486629605051	0.9226777569764666	0.9381332961727237	0.9705663985087021	0.9401995935939068	0.6288922978163954	0.9283626449063884	0.7391016803372783	1.0	0.9465955208520135	0.900777174552445	0.9397975279818248
BackhedF_2015__SID26_4M__bin.10	0.9034589828243346	0.8933811542223671	0.8653943069514113	0.8708030498249443	0.8594938601802844	0.8704139593475747	0.4329620922210972	0.8996479274015305	0.8468503458562564	0.8155826708697309	0.7850763664482834	0.916630273340438	0.583808022548336	0.8733932506985943	0.8424211583969472	0.7693607534136473	0.8467974631721136	0.8735841186645407	0.9119408750578295	0.8710832229859665	0.9246880534514356	0.6374317647021742	0.8740635649863397	0.7476273710967063	0.5804659069537927	1.0	0.8835859502965808	0.7346616576375028
BackhedF_2015__SID42_4M__bin.4	0.8793487564420988	0.8683757177717495	0.8516677525799198	0.8483027501991244	0.8627850159915524	0.8746799334102049	0.43848488647918415	0.921505865743435	0.8368821799823306	0.8105959525754263	0.772019095645645	0.9321890054363307	0.5900618282044165	0.8420989120816124	0.8210301415214333	0.7734435867461087	0.8442843879978924	0.854247491105537	0.899385849016264	0.8699132694734203	0.9112930871414584	0.6429444749241009	0.8725328691084375	0.7348971692089599	0.5715441686458311	0.9142583913070893	1.0	0.755386866561675
BackhedF_2015__SID608_4M__bin.1	0.9226974780882296	0.9067810256291626	0.8789329036934426	0.8854831883888368	0.8927755453618895	0.904243646459712	0.4732647596860617	0.9511293695968996	0.8855571234629557	0.8428294544634786	0.782615460050793	0.9633740157676752	0.5676308616792697	0.9007940989831886	0.8673817957332659	0.7947380906698018	0.8835241357193951	0.8924476002171786	0.9200480623340713	0.9208908314611429	0.9351775371637144	0.6379694253521101	0.9115800016057065	0.7379382637595214	0.7464022421831803	0.9515108382921996	0.9455307154874023	1.0
