	VatanenT_2016__G78493__bin.3	VatanenT_2016__G80455__bin.6	NielsenHB_2014__V1_CD35_1__bin.21	AsnicarF_2017__MV_FEI2_t1Q14__bin.9	VatanenT_2016__G69181__bin.6	FerrettiP_2018__CA_C10019IS2329FE_t5M16__bin.3	BackhedF_2015__SID577_4M__bin.20	BackhedF_2015__SID157_12M__bin.1	VincentC_2016__MM016.2__bin.3	XieH_2016__YSZC12003_35704__bin.15	LiJ_2014__V1.FI23__bin.11	VatanenT_2016__G78904__bin.1	VincentC_2016__MM016.1__bin.11	BackhedF_2015__SID150_12M__bin.6	BackhedF_2015__SID577_B__bin.1	NielsenHB_2014__V1_CD35_0__bin.13	VatanenT_2016__G78674__bin.5	QinJ_2012__T2D-020__bin.19	VatanenT_2016__G78739__bin.5	BackhedF_2015__SID157_4M__bin.11	HeQ_2017__SZAXPI029480-66__bin.27	FerrettiP_2018__CA_C10032IS2559FE_t5M16__bin.11	BackhedF_2015__SID87_4M__bin.11	VatanenT_2016__G80482__bin.6	FerrettiP_2018__CA_C10019IS2329FE_t4M15__bin.2	VatanenT_2016__G80489__bin.1	VatanenT_2016__G78749__bin.3	BackhedF_2015__SID591_4M__bin.12
VatanenT_2016__G78493__bin.3	1.0	0.9525728368482925	0.936096402216822	0.6010509468436185	0.8499446603847267	0.9650085690409755	0.9490167354280777	0.9039043262022456	0.9367196051968655	0.478906197834572	0.9554136712118668	0.5507981247255783	0.5944891050764739	0.9098247545126573	0.9551243269711324	0.9477662826953933	0.6022194524311999	0.9448252907100265	0.9655184623882838	0.9387227576327191	0.5949656125498513	0.9409636579586865	0.9434230840049289	0.9506728771136799	0.3194825796556601	0.9431721841038725	0.9054532284140091	0.8755698361664114
VatanenT_2016__G80455__bin.6	0.45634834278845804	1.0	0.9593986201414755	0.595143595920039	0.802672960928242	0.9260614902181262	0.9259151195562352	0.8736467378002235	0.9521702358651741	0.5135899343513042	0.9538879101225975	0.48115865465005536	0.6532275457953574	0.8745501646669945	0.9334662947624022	0.9707578559121388	0.4983606001197138	0.9326171510550078	0.9001723005639148	0.9726306249106388	0.5349450261843544	0.9519952696103972	0.9264157847672732	0.9851676113713526	0.3240152089780468	0.9352237120472264	0.8393058540994691	0.8375697623415429
NielsenHB_2014__V1_CD35_1__bin.21	0.4429843900734176	0.9476951360512463	1.0	0.6037826722872934	0.7921675080850371	0.9176525504671488	0.9117470622170836	0.8555661680395072	0.9460544300737048	0.5072764137145209	0.9536590328596017	0.4708682527941553	0.6505032950565773	0.8648885569495413	0.9222783167802522	1.0276454409008324	0.486201935621321	0.932360016948057	0.8751320775493301	0.944359624365944	0.5235446334743278	0.9755220264897174	0.9087921636780157	0.9615374856073173	0.32626637653890994	0.9094624258223278	0.8184561469023116	0.8118612461609538
AsnicarF_2017__MV_FEI2_t1Q14__bin.9	0.4315098093191255	0.8918726934790235	0.9159930650935537	1.0	0.7838063978651993	0.9604155423833329	0.9217796591088194	0.833674824938644	0.9326948009264943	0.665440153747486	0.9289339142927492	0.47556186324405164	0.7741550534099649	0.9199827426291198	0.9206792838191085	0.9180478252880041	0.47999023825485565	0.9228560658278635	0.9213750986887739	0.8961979310039272	0.49884841912750044	0.9279482976141104	0.9071508414784105	0.9178865821762446	0.43986394567705034	0.9075931705552646	0.8397759156538734	0.8041390089940246
VatanenT_2016__G69181__bin.6	0.4920031717921328	0.9698791017784524	0.9690059219279998	0.631984853169918	1.0	0.9672894295459231	0.9609780551338993	0.8988300209891119	0.9644783877738423	0.5449596849759187	0.9654663518299882	0.5223635941980098	0.6478432282003711	0.9230225492400818	0.967933040984989	0.9779028691366354	0.5576732070238564	0.9632579271377972	0.9444485438803619	0.9615660313712262	0.5715333998613219	0.9659840520230131	0.9410261005228537	0.9715838814864788	0.3417799282247334	0.9505514326942898	0.8930492307115683	0.8834934455876015
FerrettiP_2018__CA_C10019IS2329FE_t5M16__bin.3	0.4417122145510267	0.8848095046467872	0.8876028097908308	0.6123335165590852	0.7648696496189538	1.0	0.9076491271616046	0.8097769384690262	0.8811386608343147	0.4903991712700786	0.9004269144582715	0.4721375684260198	0.6039739766949809	0.9021463345510822	0.9198207505710948	0.9170742166172944	0.4860832554971199	0.912762931655251	0.8812271093227949	0.8880607969903433	0.5156931235699477	0.9202004770661404	0.8784097239619922	0.9050581884545549	0.3254603373360519	0.90569075722557	0.828523850296997	0.8123252737156561
BackhedF_2015__SID577_4M__bin.20	0.44632481267687923	0.9089710503226887	0.9061157644515243	0.6038441920792342	0.7807524898701822	0.9325817570023733	1.0	0.8440935882869046	0.912193179287782	0.49188900879091185	0.9107396051607354	0.4771286891283123	0.6316781144550453	0.8790350361323794	1.008307021500526	0.928687320265916	0.49427467840564565	0.952723393645954	0.8853013442349015	0.9281001809949584	0.5437066663621537	0.9270367642440748	0.8899527814414506	0.9301956115859612	0.3234894724120671	0.9431421752510806	0.8349206077319676	0.8210195859002835
BackhedF_2015__SID157_12M__bin.1	0.45715927458865196	0.9223221636468483	0.9143886486008002	0.5873032035436537	0.7853177013324519	0.8947510882040067	0.9077338084402776	1.0	0.9089434072515551	0.49711134090987	0.9152866375660251	0.4765814199687163	0.6225263729893106	0.8423714686136228	0.9126893771742974	0.9216216810865103	0.49909868514971856	0.9210506522060596	0.8751718587143561	0.9540659456488981	0.5491803740034498	0.9149530257111381	0.8956920578376528	0.9256598172195908	0.3128721473500115	0.9105807660485467	0.8128355626143913	0.796731115496731
VincentC_2016__MM016.2__bin.3	0.4522399454123357	0.9595677141513245	0.965178384339944	0.6272193944461838	0.8044046227585038	0.9293842915887814	0.9364163120210575	0.8676630120218878	1.0	0.5187606021249919	0.9575118848813758	0.48126821562908917	0.688269073812037	0.8896787992667592	0.9522016031463126	0.9926656373681283	0.49862676075256346	0.9488685124031124	0.9033857930426126	0.9652286933004582	0.5363042646856984	0.9760783334937033	0.9281128913536482	0.9750125650292158	0.3279577639181205	0.9384579766322205	0.83755920461045	0.8451802794736022
XieH_2016__YSZC12003_35704__bin.15	0.4268868626402415	0.955609703749061	0.955518621758135	0.8262128559073885	0.8391690436661494	0.9550009874730699	0.9322927140719872	0.8761348049537782	0.9577893589180542	1.0	0.9488984940810232	0.4558328997169244	0.801676630074552	0.9110174038746821	0.9307488292356958	0.9613613962057588	0.4717163364117844	0.9509645222118315	0.9141223077831815	0.9617158043486691	0.5046799009100083	0.959642561802738	0.9380335849060006	0.9570435687547288	0.5034552539429034	0.9472139281498363	0.8243497332019109	0.923400947433066
LiJ_2014__V1.FI23__bin.11	0.4402526542306857	0.9175074333377155	0.9286152500668977	0.596232936422469	0.7685469817711902	0.9064644164794929	0.8923343151213063	0.8339165321719705	0.9138930923337557	0.4905326922341783	1.0	0.4663059318454537	0.624675884098671	0.8554240289109986	0.8977252914362541	0.9480472861907279	0.4814858843504116	0.9084783405265853	0.8812181070419278	0.9208108281982932	0.5195481164682113	0.9330561390651848	0.9214933246809189	0.9265402556378218	0.31779068802545	0.8953011236017913	0.8127358319044728	0.8067537315868136
VatanenT_2016__G78904__bin.1	0.472884565274038	0.862288717102406	0.8542682185355684	0.5687092851559108	0.7747442022062017	0.8855702249630852	0.8710058195083817	0.8090115521584297	0.8558360114653001	0.43904195257534967	0.8688065664900547	1.0	0.5846834013723617	0.8367514983062625	0.8729088856075742	0.8658716233822635	0.5152783809606531	0.8667280465560669	0.9006027968383566	0.8529627377746895	0.5181507860679232	0.8594927473291062	0.8544514896204292	0.8640832102840268	0.3068027447233562	0.8566038391383654	0.852458959437158	0.7859567445496396
VincentC_2016__MM016.1__bin.11	0.4161409000293895	0.9544709344116595	0.9622283676742927	0.7548229012120548	0.7834101121407301	0.923647990708643	0.9401890139618219	0.8616069373576997	0.9979193592362957	0.6295545884927394	0.9489442766444888	0.4767103497360249	1.0	0.8549344399868278	0.9309189024584563	0.9874170098401985	0.46098869386324287	0.9463388725023281	0.886426616338483	0.9526431148707744	0.5091344945168954	0.9604246263451045	0.9165456264407091	0.9732533559007553	0.45473473246628165	0.9276591375042933	0.8173278142295148	0.827857782750794
BackhedF_2015__SID150_12M__bin.6	0.44994899161501206	0.9028008831780401	0.9038530718355164	0.6337322777758043	0.7885706194704435	0.9747074460234223	0.9243459844468204	0.8236906055013006	0.9113379707018244	0.5054403106833423	0.9180713777167157	0.4819914634128037	0.6040068224653036	1.0	0.9407136971147616	0.9287193468124888	0.49889602744996603	0.9147011719170197	0.9185396842233242	0.907215272395783	0.5267692704875341	0.916718992580644	0.8985100748439854	0.9202763208519977	0.3219482151067874	0.9074514269589447	0.859499542450534	0.8503490534554867
BackhedF_2015__SID577_B__bin.1	0.44343787473350327	0.9046346828319037	0.9048300785387406	0.5953904461832784	0.7763202948972129	0.9329703482317864	0.9953790794137941	0.8378201542216981	0.9156773584755001	0.4847781577660635	0.9044942421676146	0.4720403304254131	0.6174307061535087	0.88313035195182	1.0	0.9273827825381996	0.4889838624752409	0.9422624474345624	0.8845173796496311	0.9275612690011756	0.5374171036062251	0.9204993111831633	0.8783210811770524	0.9224138133491904	0.3195438449647795	0.9327223459884932	0.8295590491932177	0.821584931609154
NielsenHB_2014__V1_CD35_0__bin.13	0.4287559371959318	0.9166879485792379	0.9823909336306395	0.5784886089135057	0.7642357688079474	0.9063691958732312	0.8933080513365499	0.8243592313613926	0.9301491015371491	0.4879027201487995	0.9307399606582107	0.4562466761313968	0.6381356312306803	0.8495478623348592	0.903639161282114	1.0	0.4725701319112439	0.9028116839073042	0.8633312188723423	0.9158403334807049	0.5076303665889533	0.9497225113206044	0.8854255055255168	0.9309335574112774	0.3203719620641899	0.8865468105964702	0.8003459111725005	0.7947361820889592
VatanenT_2016__G78674__bin.5	0.5597253931417868	0.9668645696597222	0.9549245686818043	0.6214028607858698	0.8954116846139669	0.9870124985425263	0.9768130032985921	0.9171948049994171	0.9599232334477998	0.491856953184063	0.9711655276431052	0.5578269160607964	0.6120881931463003	0.9376154225169349	0.978908004257704	0.9709069435929454	1.0	0.9739027573522497	0.9736291284118991	0.9542936235994147	0.6018068913119521	0.966817554377875	0.9665589703277153	0.9703455811276898	0.2985855922609085	0.9682458786403932	0.9481816369592772	0.8760169405463551
QinJ_2012__T2D-020__bin.19	0.43343437001517177	0.8930524170137047	0.9038318289217385	0.589693608698901	0.7633736691074197	0.9147903871742357	0.9293119155988663	0.8354304130158638	0.9016096716748745	0.48941110512409597	0.9044319227647201	0.4631183623610745	0.6201860801433914	0.8484876753348436	0.9310453653309125	0.9155037237841834	0.480692340287089	1.0	0.8507673821845921	0.9082236990192898	0.5303270163361974	0.9212159859801742	0.8925135856512133	0.9086149434969645	0.3197544117107873	0.9412172576407539	0.8025862977180191	0.8131429369697256
VatanenT_2016__G78739__bin.5	0.47727352288400815	0.928825478619288	0.9141395854983432	0.6344009769924674	0.8065063817572061	0.9516699789858603	0.9305093103341359	0.8553720082856323	0.9249552161775869	0.5069308653804799	0.9453217283804909	0.5185341512277919	0.6259693159552432	0.9181193695157946	0.9417600267252648	0.9433553410021773	0.5178215108376351	0.9167390976022276	1.0	0.9297461599935187	0.5505019488839301	0.9448211297625632	0.916606071396065	0.9284399026608242	0.3254771189924415	0.9225602443681404	0.8903724033634626	0.866782756202972
BackhedF_2015__SID157_4M__bin.11	0.4324506342234584	0.9352955048806497	0.9193243338975847	0.5750740113794826	0.7652459713201244	0.8937862133764849	0.9091109499556304	0.8690254919799256	0.9210222145994437	0.4970311556215092	0.9205747906428737	0.45768487930738766	0.6269500227440511	0.8450920388363994	0.9203837033280885	0.9326314680725721	0.4729998284874833	0.9120532285366999	0.8664765736273407	1.0	0.5264348327007256	0.940109973079992	0.8955185830083294	0.9451868367871976	0.3150470540860993	0.9131195889665252	0.7988032341294994	0.8162956465649026
HeQ_2017__SZAXPI029480-66__bin.27	0.5034163787583591	0.9448140551756726	0.9360980520392126	0.5879287379857491	0.8354103249797122	0.9532758201534675	0.9781894476611802	0.9187670562131697	0.9399124804399261	0.4790591647292064	0.9540051498207492	0.5106566021455303	0.6154198439302994	0.9012605761361964	0.9794315337494736	0.9494545435868639	0.5478635434464765	0.978154350810994	0.9422964981903721	0.9668985341500913	1.0	0.9470816541059891	0.940770213217645	0.9523050926385641	0.31568247109217973	0.9705528866731269	0.8792394426962599	0.8558735006796805
FerrettiP_2018__CA_C10032IS2559FE_t5M16__bin.11	0.424824194234996	0.897166188289847	0.9306912377566289	0.5835536424542832	0.7534060368657701	0.9076336882030631	0.8899307008296533	0.8167518366198522	0.9127708340565319	0.4860529253458107	0.9141840401799988	0.4519765701935005	0.6194456066372271	0.8368875117158168	0.8951317926615594	0.9478164275391577	0.469635252138993	0.9066215147157967	0.8629372763032647	0.9213313735413465	0.5053454270403792	1.0	0.8716791483126484	0.9091925998059697	0.31826141846796396	0.8991485136214069	0.7959913179631561	0.7912561182598655
BackhedF_2015__SID87_4M__bin.11	0.46582139497802316	0.9548179936769469	0.9482211979633155	0.623897224660207	0.8026705883116928	0.9475493298552712	0.9343352576901424	0.8744330956735191	0.9491927841864726	0.5195998163727014	0.9874033471520035	0.4914028356330871	0.6465029639623934	0.8970782978608619	0.9340999789697789	0.9663981025845193	0.51347707481114	0.9606295279289828	0.9155644116708236	0.9598167923068354	0.5489856789689297	0.9533079139069706	1.0	0.9640528083337621	0.3326106796557837	0.9554828683623052	0.8486793171022653	0.836823967058981
VatanenT_2016__G80482__bin.6	0.4484060026378929	0.9699562705309952	0.9583820859968353	0.6030453156404907	0.7916684958856887	0.9326282727909555	0.932905041582125	0.8632700137239145	0.9525575345054332	0.5064186500172742	0.948405525450322	0.47471526217639526	0.6557974472373702	0.8777140043099582	0.9371157447084669	0.9706219471925146	0.492432282311802	0.9342182617774665	0.8859054061534292	0.9677402114513564	0.5308611517780963	0.949860470354245	0.9209333598013372	1.0	0.3296459459098345	0.9275347726582974	0.8343853728648242	0.8233599540372931
FerrettiP_2018__CA_C10019IS2329FE_t4M15__bin.2	0.44617223528347955	0.9445446016818881	0.9628526539470115	0.8556464192060765	0.8245645514965187	0.9929907202278687	0.9605906388461887	0.8639272877294512	0.948667374988697	0.7887763925309702	0.963132403472285	0.4990590243240799	0.9072291233384574	0.9091506352292251	0.9611981756940049	0.989010647436477	0.4486461818428429	0.9734195564698436	0.9195366895741026	0.9550620535310606	0.521039142327516	0.9844710755945384	0.9407595058323538	0.9760291391626729	1.0	0.9407213581698164	0.8492008771136631	0.9030667894927208
VatanenT_2016__G80489__bin.1	0.4463734322219536	0.9238991738267551	0.9095451618231831	0.5983002520893732	0.7771515576633494	0.9364380465826688	0.9490899166644721	0.8520807547838328	0.9199471402339906	0.5029132721583687	0.9195301034931016	0.47219858801222864	0.6271902209432882	0.8684107835837868	0.9507949313996107	0.9274705596479846	0.493029357758631	0.9710137918981875	0.88327376235609	0.9380712409835555	0.5428640512892947	0.9425456478074449	0.9158351866969588	0.9306732677533881	0.3187960996770479	1.0	0.8252213861803313	0.8178167097189671
VatanenT_2016__G78749__bin.3	0.4792939557276395	0.9273803690345177	0.9155108565553028	0.6191843325005824	0.8166464503656339	0.9581482403785134	0.9397318595515998	0.8507335437970764	0.9183159687356912	0.4895365245634752	0.9336300175921984	0.5255895528582637	0.6180672145150364	0.9199750442482615	0.9458240619502438	0.9364935026682839	0.5400167621250946	0.9260956297980245	0.9534564519454508	0.91786023172433	0.550056900185026	0.9332712117195638	0.9098433303611354	0.9364019268410892	0.3218777864355314	0.9229943688899243	1.0	0.8587161711664673
BackhedF_2015__SID591_4M__bin.12	0.46778982348359505	0.9340770116800166	0.9165875260731545	0.5984277462146292	0.8154288213015308	0.9481601636250914	0.9326878848138165	0.8416406182857742	0.9352980379799176	0.5534621960203948	0.935385061102664	0.4890980566817813	0.6318575977402094	0.9186533793348731	0.9454521770104367	0.9385859985741181	0.5035611915789724	0.9470110259918069	0.936835806825964	0.9466910403479196	0.5404233215482765	0.9363552878438427	0.9054847809530707	0.9326300495707489	0.34548125678685765	0.9232272281838166	0.8667097638322173	1.0
