	HMP_2012__SRS019126__bin.26	HMP_2012__SRS023958__bin.34	FerrettiP_2018__CA_C10005MS2061SA_t0M15__bin.32	HMP_2012__SRS063288__bin.15	HMP_2012__SRS019127__bin.32	HMP_2012__SRS018145__bin.57	HMP_2012__SRS047824__bin.58	HMP_2012__SRS057539__bin.64	HMP_2012__SRS022530__bin.53	HMP_2012__SRS022621__bin.36	HMP_2012__SRS023926__bin.59	HMP_2012__SRS013252__bin.16	HMP_2012__SRS057205__bin.2	HMP_2012__SRS024441__bin.2	HMP_2012__SRS011115__bin.71	HMP_2012__SRS015644__bin.55	HMP_2012__SRS022077__bin.47	HMP_2012__SRS017209__bin.31	HMP_2012__SRS018300__bin.3	HMP_2012__SRS077736__bin.49	HMP_2012__SRS062761__bin.49	HMP_2012__SRS042131__bin.27	HMP_2012__SRS016037__bin.60	CM_cf__CF_TNFC057IS_t1M15__bin.15	HMP_2012__SRS016002__bin.40	HMP_2012__SRS019327__bin.47	HMP_2012__SRS013164__bin.35	HMP_2012__SRS017439__bin.53	HMP_2012__SRS017808__bin.52	HMP_2012__SRS057692__bin.13	HMP_2012__SRS015762__bin.44	HMP_2012__SRS019122__bin.5	HMP_2012__SRS042643__bin.39	HMP_2012__SRS021496__bin.20	HMP_2012__SRS011306__bin.51	HMP_2012__SRS043663__bin.27	HMP_2012__SRS016225__bin.43	HMP_2012__SRS063193__bin.55	HMP_2012__SRS024277__bin.47	CM_cf__CF_TNFC057SA_t1M16__bin.3	HMP_2012__SRS024081__bin.3	HMP_2012__SRS011243__bin.13	HMP_2012__SRS064329__bin.27
HMP_2012__SRS019126__bin.26	0.0	53473.0	37525.0	52620.0	2635.0	42032.0	54631.0	105520.0	81658.0	95344.0	58862.0	116983.0	35604.0	55940.0	95277.0	57983.0	58867.0	36054.0	93613.0	65089.0	85413.0	55801.0	67247.0	30249.0	47877.0	43759.0	59086.0	48175.0	59316.0	61437.0	42479.0	797.0	100066.0	91220.0	62298.0	95820.0	57228.0	60725.0	58899.0	31800.0	56689.0	28110.0	53919.0
HMP_2012__SRS023958__bin.34	53473.0	0.0	39475.0	51250.0	53533.0	40550.0	52924.0	91497.0	75529.0	85171.0	54090.0	99525.0	37397.0	51789.0	83152.0	54832.0	56099.0	34175.0	81856.0	57931.0	75396.0	52741.0	59675.0	30647.0	44634.0	41123.0	1146.0	46992.0	53497.0	56162.0	40840.0	52961.0	85951.0	79969.0	58388.0	84310.0	55798.0	56006.0	58717.0	31707.0	51282.0	29513.0	48216.0
FerrettiP_2018__CA_C10005MS2061SA_t0M15__bin.32	37525.0	39475.0	0.0	38699.0	37268.0	32387.0	37852.0	74297.0	60086.0	67636.0	37380.0	80185.0	28527.0	39159.0	65243.0	36713.0	38070.0	24207.0	63837.0	47146.0	60280.0	35502.0	49284.0	23355.0	31736.0	29552.0	41673.0	34986.0	36251.0	40598.0	31820.0	37264.0	70345.0	64369.0	43511.0	66410.0	37370.0	40949.0	40005.0	24689.0	36684.0	21013.0	35078.0
HMP_2012__SRS063288__bin.15	52620.0	51250.0	38699.0	0.0	51561.0	43719.0	56013.0	74823.0	36562.0	68578.0	57104.0	80858.0	38586.0	55611.0	52509.0	55438.0	51300.0	33953.0	68103.0	50197.0	62129.0	54589.0	49941.0	30651.0	45790.0	43549.0	55018.0	51580.0	55453.0	55433.0	41506.0	51737.0	72752.0	51538.0	53850.0	68626.0	52922.0	52458.0	49528.0	31624.0	51906.0	29467.0	49393.0
HMP_2012__SRS019127__bin.32	2635.0	53533.0	37268.0	51561.0	0.0	41384.0	54082.0	103281.0	80268.0	93071.0	57108.0	113218.0	35697.0	55751.0	93597.0	56777.0	58810.0	35092.0	90049.0	62944.0	83219.0	54606.0	66282.0	30167.0	47642.0	42626.0	58419.0	47350.0	58221.0	59937.0	41017.0	2773.0	98894.0	90487.0	60579.0	94580.0	56331.0	59857.0	57603.0	31530.0	56019.0	27645.0	53617.0
HMP_2012__SRS018145__bin.57	42032.0	40550.0	32387.0	43719.0	41384.0	0.0	42013.0	76053.0	63001.0	68297.0	44740.0	83482.0	30925.0	41757.0	68179.0	43337.0	43532.0	28589.0	64995.0	47996.0	61193.0	41947.0	49815.0	26203.0	33871.0	34027.0	42626.0	38982.0	43253.0	20457.0	33792.0	41689.0	72917.0	67056.0	47857.0	67841.0	43918.0	45390.0	45305.0	28218.0	40151.0	24362.0	38314.0
HMP_2012__SRS047824__bin.58	54631.0	52924.0	37852.0	56013.0	54082.0	42013.0	0.0	107080.0	87100.0	96667.0	59119.0	114525.0	37355.0	57940.0	96720.0	56925.0	57966.0	35422.0	90396.0	66553.0	87607.0	52731.0	67466.0	29524.0	46658.0	45161.0	58560.0	46721.0	56898.0	58948.0	44083.0	54284.0	100897.0	90898.0	63803.0	99263.0	58464.0	61927.0	60316.0	31426.0	53719.0	27835.0	50558.0
HMP_2012__SRS057539__bin.64	105520.0	91497.0	74297.0	74823.0	103281.0	76053.0	107080.0	0.0	82222.0	63051.0	108342.0	67871.0	73022.0	102111.0	74825.0	102466.0	91278.0	63245.0	72488.0	49042.0	63346.0	99071.0	52248.0	60294.0	89559.0	85049.0	99268.0	99336.0	105657.0	92381.0	74446.0	104881.0	62228.0	70728.0	83222.0	72069.0	97236.0	91171.0	83258.0	60082.0	96523.0	59113.0	93761.0
HMP_2012__SRS022530__bin.53	81658.0	75529.0	60086.0	36562.0	80268.0	63001.0	87100.0	82222.0	0.0	73903.0	88012.0	84920.0	58620.0	84751.0	37552.0	84786.0	77056.0	51715.0	78367.0	57440.0	72352.0	83093.0	58635.0	48752.0	72826.0	68503.0	82437.0	79021.0	86119.0	80136.0	62491.0	80588.0	78712.0	39095.0	74749.0	79429.0	79848.0	77418.0	69707.0	47299.0	80040.0	46147.0	78749.0
HMP_2012__SRS022621__bin.36	95344.0	85171.0	67636.0	68578.0	93071.0	68297.0	96667.0	63051.0	73903.0	0.0	95527.0	65299.0	64578.0	92088.0	65848.0	91889.0	82224.0	58068.0	68616.0	48353.0	50130.0	89467.0	48255.0	52364.0	81471.0	76781.0	91123.0	88348.0	93188.0	81674.0	70107.0	94667.0	61859.0	63078.0	76737.0	54810.0	87725.0	81125.0	73638.0	53801.0	88213.0	55286.0	87217.0
HMP_2012__SRS023926__bin.59	58862.0	54090.0	37380.0	57104.0	57108.0	44740.0	59119.0	108342.0	88012.0	95527.0	0.0	114411.0	40102.0	62351.0	95451.0	61936.0	62118.0	38546.0	91843.0	66759.0	88504.0	58115.0	67897.0	31608.0	51846.0	47994.0	60874.0	52947.0	63819.0	63272.0	46883.0	58170.0	99077.0	92189.0	64869.0	99299.0	63055.0	64950.0	60816.0	32826.0	57010.0	32064.0	54238.0
HMP_2012__SRS013252__bin.16	116983.0	99525.0	80185.0	80858.0	113218.0	83482.0	114525.0	67871.0	84920.0	65299.0	114411.0	0.0	82017.0	112664.0	77652.0	109175.0	99721.0	69407.0	77887.0	53329.0	69721.0	107483.0	61406.0	62205.0	99489.0	94117.0	109556.0	108396.0	114535.0	100930.0	80598.0	115920.0	68825.0	72616.0	90576.0	78901.0	106659.0	98053.0	85855.0	64647.0	103396.0	64198.0	102535.0
HMP_2012__SRS057205__bin.2	35604.0	37397.0	28527.0	38586.0	35697.0	30925.0	37355.0	73022.0	58620.0	64578.0	40102.0	82017.0	0.0	39306.0	65712.0	39054.0	38522.0	25484.0	63399.0	48004.0	59998.0	36725.0	47220.0	21169.0	33086.0	31584.0	40275.0	33626.0	39813.0	40860.0	14377.0	35383.0	70092.0	62806.0	43102.0	66460.0	40284.0	40329.0	42550.0	22978.0	37882.0	21093.0	35680.0
HMP_2012__SRS024441__bin.2	55940.0	51789.0	39159.0	55611.0	55751.0	41757.0	57940.0	102111.0	84751.0	92088.0	62351.0	112664.0	39306.0	0.0	93606.0	59187.0	56795.0	35191.0	89844.0	64822.0	81685.0	57680.0	67104.0	31171.0	45822.0	42027.0	57158.0	51792.0	55985.0	57074.0	43481.0	55748.0	96407.0	89010.0	58064.0	93433.0	52918.0	56987.0	56446.0	31851.0	51396.0	26951.0	49841.0
HMP_2012__SRS011115__bin.71	95277.0	83152.0	65243.0	52509.0	93597.0	68179.0	96720.0	74825.0	37552.0	65848.0	95451.0	77652.0	65712.0	93606.0	0.0	93760.0	82540.0	57696.0	73314.0	55585.0	64749.0	91556.0	53395.0	52898.0	82008.0	78143.0	90536.0	88021.0	95002.0	85814.0	69812.0	94771.0	69760.0	3558.0	77604.0	72937.0	87899.0	82182.0	75012.0	52418.0	87140.0	52108.0	85393.0
HMP_2012__SRS015644__bin.55	57983.0	54832.0	36713.0	55438.0	56777.0	43337.0	56925.0	102466.0	84786.0	91889.0	61936.0	109175.0	39054.0	59187.0	93760.0	0.0	56193.0	35484.0	90108.0	63417.0	84567.0	7202.0	67036.0	30925.0	47223.0	42282.0	61662.0	52049.0	58063.0	57429.0	44558.0	57367.0	97119.0	89448.0	59315.0	94535.0	56177.0	59413.0	54704.0	32054.0	49259.0	28899.0	47886.0
HMP_2012__SRS022077__bin.47	58867.0	56099.0	38070.0	51300.0	58810.0	43532.0	57966.0	91278.0	77056.0	82224.0	62118.0	99721.0	38522.0	56795.0	82540.0	56193.0	0.0	34072.0	81571.0	60540.0	74604.0	54333.0	58469.0	31173.0	49292.0	44618.0	61454.0	51601.0	53090.0	56832.0	43614.0	58839.0	88628.0	78343.0	56769.0	82135.0	53700.0	58593.0	52509.0	31731.0	50184.0	27553.0	47340.0
HMP_2012__SRS017209__bin.31	36054.0	34175.0	24207.0	33953.0	35092.0	28589.0	35422.0	63245.0	51715.0	58068.0	38546.0	69407.0	25484.0	35191.0	57696.0	35484.0	34072.0	0.0	56220.0	40549.0	49457.0	34474.0	40432.0	19003.0	29925.0	27004.0	36788.0	32268.0	32476.0	36679.0	29159.0	35946.0	61436.0	55575.0	36963.0	56293.0	35317.0	36365.0	33855.0	21372.0	33269.0	18586.0	31299.0
HMP_2012__SRS018300__bin.3	93613.0	81856.0	63837.0	68103.0	90049.0	64995.0	90396.0	72488.0	78367.0	68616.0	91843.0	77887.0	63399.0	89844.0	73314.0	90108.0	81571.0	56220.0	0.0	55380.0	67773.0	88524.0	54338.0	50513.0	79816.0	74144.0	90655.0	85661.0	92957.0	80731.0	65764.0	92586.0	69913.0	67668.0	77701.0	76825.0	82712.0	80538.0	73389.0	53439.0	87217.0	50671.0	82809.0
HMP_2012__SRS077736__bin.49	65089.0	57931.0	47146.0	50197.0	62944.0	47996.0	66553.0	49042.0	57440.0	48353.0	66759.0	53329.0	48004.0	64822.0	55585.0	63417.0	60540.0	40549.0	55380.0	0.0	50316.0	61051.0	39988.0	38491.0	56867.0	53047.0	62998.0	62043.0	66157.0	58461.0	51462.0	64120.0	48961.0	51368.0	54419.0	54195.0	63930.0	58391.0	50219.0	37050.0	60956.0	36552.0	59535.0
HMP_2012__SRS062761__bin.49	85413.0	75396.0	60280.0	62129.0	83219.0	61193.0	87607.0	63346.0	72352.0	50130.0	88504.0	69721.0	59998.0	81685.0	64749.0	84567.0	74604.0	49457.0	67773.0	50316.0	0.0	81931.0	43019.0	45952.0	74135.0	68420.0	82518.0	80368.0	83001.0	76139.0	61540.0	84860.0	61942.0	61948.0	71054.0	1817.0	80064.0	76133.0	67183.0	47031.0	77260.0	47503.0	75017.0
HMP_2012__SRS042131__bin.27	55801.0	52741.0	35502.0	54589.0	54606.0	41947.0	52731.0	99071.0	83093.0	89467.0	58115.0	107483.0	36725.0	57680.0	91556.0	7202.0	54333.0	34474.0	88524.0	61051.0	81931.0	0.0	65449.0	29125.0	46733.0	40118.0	59347.0	50303.0	55001.0	55189.0	42954.0	54749.0	96422.0	86883.0	57843.0	91742.0	54564.0	55834.0	51063.0	29697.0	46681.0	27599.0	45517.0
HMP_2012__SRS016037__bin.60	67247.0	59675.0	49284.0	49941.0	66282.0	49815.0	67466.0	52248.0	58635.0	48255.0	67897.0	61406.0	47220.0	67104.0	53395.0	67036.0	58469.0	40432.0	54338.0	39988.0	43019.0	65449.0	0.0	37894.0	59650.0	55150.0	63863.0	62885.0	66274.0	60389.0	47602.0	66646.0	53181.0	51364.0	55553.0	48398.0	64538.0	57722.0	55055.0	38225.0	63802.0	38812.0	62923.0
CM_cf__CF_TNFC057IS_t1M15__bin.15	30249.0	30647.0	23355.0	30651.0	30167.0	26203.0	29524.0	60294.0	48752.0	52364.0	31608.0	62205.0	21169.0	31171.0	52898.0	30925.0	31173.0	19003.0	50513.0	38491.0	45952.0	29125.0	37894.0	0.0	26360.0	23433.0	32220.0	26755.0	29479.0	33577.0	24262.0	29833.0	55222.0	52501.0	35808.0	51721.0	31848.0	33882.0	33775.0	607.0	29189.0	17827.0	27187.0
HMP_2012__SRS016002__bin.40	47877.0	44634.0	31736.0	45790.0	47642.0	33871.0	46658.0	89559.0	72826.0	81471.0	51846.0	99489.0	33086.0	45822.0	82008.0	47223.0	49292.0	29925.0	79816.0	56867.0	74135.0	46733.0	59650.0	26360.0	0.0	36416.0	48579.0	41798.0	46947.0	41903.0	37359.0	47593.0	85853.0	78220.0	51042.0	82998.0	48432.0	51282.0	49592.0	26578.0	45711.0	23935.0	43696.0
HMP_2012__SRS019327__bin.47	43759.0	41123.0	29552.0	43549.0	42626.0	34027.0	45161.0	85049.0	68503.0	76781.0	47994.0	94117.0	31584.0	42027.0	78143.0	42282.0	44618.0	27004.0	74144.0	53047.0	68420.0	40118.0	55150.0	23433.0	36416.0	0.0	45013.0	40184.0	42552.0	45278.0	34896.0	43075.0	81638.0	75199.0	47907.0	77166.0	43272.0	44376.0	45124.0	24143.0	39726.0	21742.0	37544.0
HMP_2012__SRS013164__bin.35	59086.0	1146.0	41673.0	55018.0	58419.0	42626.0	58560.0	99268.0	82437.0	91123.0	60874.0	109556.0	40275.0	57158.0	90536.0	61662.0	61454.0	36788.0	90655.0	62998.0	82518.0	59347.0	63863.0	32220.0	48579.0	45013.0	0.0	51668.0	58935.0	60448.0	44240.0	58737.0	93578.0	87036.0	61575.0	92696.0	61479.0	61333.0	62278.0	32841.0	57171.0	31135.0	54487.0
HMP_2012__SRS017439__bin.53	48175.0	46992.0	34986.0	51580.0	47350.0	38982.0	46721.0	99336.0	79021.0	88348.0	52947.0	108396.0	33626.0	51792.0	88021.0	52049.0	51601.0	32268.0	85661.0	62043.0	80368.0	50303.0	62885.0	26755.0	41798.0	40184.0	51668.0	0.0	52524.0	54313.0	38921.0	47760.0	95345.0	84037.0	58784.0	89856.0	53242.0	56059.0	55692.0	29286.0	51080.0	25352.0	47574.0
HMP_2012__SRS017808__bin.52	59316.0	53497.0	36251.0	55453.0	58221.0	43253.0	56898.0	105657.0	86119.0	93188.0	63819.0	114535.0	39813.0	55985.0	95002.0	58063.0	53090.0	32476.0	92957.0	66157.0	83001.0	55001.0	66274.0	29479.0	46947.0	42552.0	58935.0	52524.0	0.0	60150.0	44956.0	58887.0	99230.0	88566.0	62100.0	94379.0	58775.0	62241.0	58433.0	30298.0	55438.0	27770.0	52188.0
HMP_2012__SRS057692__bin.13	61437.0	56162.0	40598.0	55433.0	59937.0	20457.0	58948.0	92381.0	80136.0	81674.0	63272.0	100930.0	40860.0	57074.0	85814.0	57429.0	56832.0	36679.0	80731.0	58461.0	76139.0	55189.0	60389.0	33577.0	41903.0	45278.0	60448.0	54313.0	60150.0	0.0	45114.0	60368.0	86876.0	81423.0	57653.0	85730.0	59335.0	61295.0	58431.0	34205.0	54224.0	31363.0	52194.0
HMP_2012__SRS015762__bin.44	42479.0	40840.0	31820.0	41506.0	41017.0	33792.0	44083.0	74446.0	62491.0	70107.0	46883.0	80598.0	14377.0	43481.0	69812.0	44558.0	43614.0	29159.0	65764.0	51462.0	61540.0	42954.0	47602.0	24262.0	37359.0	34896.0	44240.0	38921.0	44956.0	45114.0	0.0	41504.0	72590.0	67378.0	44334.0	68711.0	46800.0	43339.0	44248.0	24780.0	42786.0	23938.0	41327.0
HMP_2012__SRS019122__bin.5	797.0	52961.0	37264.0	51737.0	2773.0	41689.0	54284.0	104881.0	80588.0	94667.0	58170.0	115920.0	35383.0	55748.0	94771.0	57367.0	58839.0	35946.0	92586.0	64120.0	84860.0	54749.0	66646.0	29833.0	47593.0	43075.0	58737.0	47760.0	58887.0	60368.0	41504.0	0.0	100027.0	90429.0	61249.0	95051.0	56424.0	59447.0	57925.0	31388.0	55583.0	27904.0	53034.0
HMP_2012__SRS042643__bin.39	100066.0	85951.0	70345.0	72752.0	98894.0	72917.0	100897.0	62228.0	78712.0	61859.0	99077.0	68825.0	70092.0	96407.0	69760.0	97119.0	88628.0	61436.0	69913.0	48961.0	61942.0	96422.0	53181.0	55222.0	85853.0	81638.0	93578.0	95345.0	99230.0	86876.0	72590.0	100027.0	0.0	66259.0	79551.0	68617.0	93065.0	85830.0	76094.0	56033.0	90185.0	56236.0	89317.0
HMP_2012__SRS021496__bin.20	91220.0	79969.0	64369.0	51538.0	90487.0	67056.0	90898.0	70728.0	39095.0	63078.0	92189.0	72616.0	62806.0	89010.0	3558.0	89448.0	78343.0	55575.0	67668.0	51368.0	61948.0	86883.0	51364.0	52501.0	78220.0	75199.0	87036.0	84037.0	88566.0	81423.0	67378.0	90429.0	66259.0	0.0	74387.0	68818.0	84936.0	78745.0	73506.0	51777.0	80580.0	51628.0	79705.0
HMP_2012__SRS011306__bin.51	62298.0	58388.0	43511.0	53850.0	60579.0	47857.0	63803.0	83222.0	74749.0	76737.0	64869.0	90576.0	43102.0	58064.0	77604.0	59315.0	56769.0	36963.0	77701.0	54419.0	71054.0	57843.0	55553.0	35808.0	51042.0	47907.0	61575.0	58784.0	62100.0	57653.0	44334.0	61249.0	79551.0	74387.0	0.0	79418.0	54451.0	49986.0	56001.0	35824.0	57195.0	32422.0	55996.0
HMP_2012__SRS043663__bin.27	95820.0	84310.0	66410.0	68626.0	94580.0	67841.0	99263.0	72069.0	79429.0	54810.0	99299.0	78901.0	66460.0	93433.0	72937.0	94535.0	82135.0	56293.0	76825.0	54195.0	1817.0	91742.0	48398.0	51721.0	82998.0	77166.0	92696.0	89856.0	94379.0	85730.0	68711.0	95051.0	68617.0	68818.0	79418.0	0.0	89731.0	83891.0	75924.0	51450.0	87252.0	52357.0	84628.0
HMP_2012__SRS016225__bin.43	57228.0	55798.0	37370.0	52922.0	56331.0	43918.0	58464.0	97236.0	79848.0	87725.0	63055.0	106659.0	40284.0	52918.0	87899.0	56177.0	53700.0	35317.0	82712.0	63930.0	80064.0	54564.0	64538.0	31848.0	48432.0	43272.0	61479.0	53242.0	58775.0	59335.0	46800.0	56424.0	93065.0	84936.0	54451.0	89731.0	0.0	53824.0	55210.0	32353.0	54502.0	28887.0	51523.0
HMP_2012__SRS063193__bin.55	60725.0	56006.0	40949.0	52458.0	59857.0	45390.0	61927.0	91171.0	77418.0	81125.0	64950.0	98053.0	40329.0	56987.0	82182.0	59413.0	58593.0	36365.0	80538.0	58391.0	76133.0	55834.0	57722.0	33882.0	51282.0	44376.0	61333.0	56059.0	62241.0	61295.0	43339.0	59447.0	85830.0	78745.0	49986.0	83891.0	53824.0	0.0	54993.0	33723.0	56451.0	31810.0	53695.0
HMP_2012__SRS024277__bin.47	58899.0	58717.0	40005.0	49528.0	57603.0	45305.0	60316.0	83258.0	69707.0	73638.0	60816.0	85855.0	42550.0	56446.0	75012.0	54704.0	52509.0	33855.0	73389.0	50219.0	67183.0	51063.0	55055.0	33775.0	49592.0	45124.0	62278.0	55692.0	58433.0	58431.0	44248.0	57925.0	76094.0	73506.0	56001.0	75924.0	55210.0	54993.0	0.0	35334.0	49645.0	31530.0	49629.0
CM_cf__CF_TNFC057SA_t1M16__bin.3	31800.0	31707.0	24689.0	31624.0	31530.0	28218.0	31426.0	60082.0	47299.0	53801.0	32826.0	64647.0	22978.0	31851.0	52418.0	32054.0	31731.0	21372.0	53439.0	37050.0	47031.0	29697.0	38225.0	607.0	26578.0	24143.0	32841.0	29286.0	30298.0	34205.0	24780.0	31388.0	56033.0	51777.0	35824.0	51450.0	32353.0	33723.0	35334.0	0.0	30210.0	17602.0	27723.0
HMP_2012__SRS024081__bin.3	56689.0	51282.0	36684.0	51906.0	56019.0	40151.0	53719.0	96523.0	80040.0	88213.0	57010.0	103396.0	37882.0	51396.0	87140.0	49259.0	50184.0	33269.0	87217.0	60956.0	77260.0	46681.0	63802.0	29189.0	45711.0	39726.0	57171.0	51080.0	55438.0	54224.0	42786.0	55583.0	90185.0	80580.0	57195.0	87252.0	54502.0	56451.0	49645.0	30210.0	0.0	24807.0	7057.0
HMP_2012__SRS011243__bin.13	28110.0	29513.0	21013.0	29467.0	27645.0	24362.0	27835.0	59113.0	46147.0	55286.0	32064.0	64198.0	21093.0	26951.0	52108.0	28899.0	27553.0	18586.0	50671.0	36552.0	47503.0	27599.0	38812.0	17827.0	23935.0	21742.0	31135.0	25352.0	27770.0	31363.0	23938.0	27904.0	56236.0	51628.0	32422.0	52357.0	28887.0	31810.0	31530.0	17602.0	24807.0	0.0	23958.0
HMP_2012__SRS064329__bin.27	53919.0	48216.0	35078.0	49393.0	53617.0	38314.0	50558.0	93761.0	78749.0	87217.0	54238.0	102535.0	35680.0	49841.0	85393.0	47886.0	47340.0	31299.0	82809.0	59535.0	75017.0	45517.0	62923.0	27187.0	43696.0	37544.0	54487.0	47574.0	52188.0	52194.0	41327.0	53034.0	89317.0	79705.0	55996.0	84628.0	51523.0	53695.0	49629.0	27723.0	7057.0	23958.0	0.0
